#d:\GoogleDrive-Behrangaghili1980\01- Personal\03 software engineer\Beheshti University\ترم 2\شبکه_پیچیده_پویا\Exercises\تکلیف 4\ErdoshReny.py
# GMT Wed May  3 01:23:42 2023
# 
0 59 73 91 105 131 243 259 285 306 316 451 492 626 653 760 823 844 986
1 32 111 218 240 261 295 307 390 415 455 461 473 482 483 509 571 782 846 915 981 999
2 14 106 332 351 457 463 516 558 618 646 706 796 838 868
3 284 301 340 371 413 453 483 702 720 729 752 761 819 849 912 923 963 975
4 7 13 40 82 167 234 313 341 382 480 487 500 502 511 588 608 682 786 818 839
5 84 100 183 247 401 422 450 530 571 574 632 664 757 824 830 851 906 997
6 15 90 239 282 296 309 331 387 532 556 564 659 803 838 841 851 944
7 14 203 262 350 355 408 491 517 528 537 544 577 613 635 705 751 758 849 875 877 879 885 927 936 966 992
8 251 267 289 297 364 369 380 540 690 704 736 742 753 820 825 858 863 962
9 96 143 225 227 251 279 322 349 488 558 575 594 596 637 764 771 859 898 949 975
10 27 59 93 144 156 345 440 441 472 584 654 800 824 865 867
11 34 124 125 198 306 344 373 379 390 566 569 588 639 723 876 903 932 979 980 984
12 64 78 109 157 160 195 263 271 303 358 445 450 545 713 764 822 865 869
13 29 99 115 124 153 207 210 268 334 338 381 385 401 502 509 554 573 680 713 722 724 793 797 834 842 890 942 946 959
14 34 120 175 217 303 304 365 379 509 517 547 633 771 785 848 883 920 979
15 66 174 184 273 282 366 486 513 605 642 655 721 890 912 918
16 65 107 113 132 202 280 311 321 398 465 470 477 482 601 616 630 666 757 771 811 813 830 899 901 908 962 971
17 34 37 41 43 75 175 213 324 374 431 454 470 499 521 527 549 550 621 678 690 696 730 797 818 859 891
18 103 143 215 223 231 389 409 443 465 640 696 766 827 828 864 867 880 883 998
19 131 254 292 341 414 541 680 727 844 948
20 86 91 104 150 153 296 359 389 428 476 492 640 647 658 673 686 766 778 795 849 865 925 944 968 972
21 116 126 129 162 199 402 472 505 511 700 725 734 758 875 884 903
22 287 416 421 504 573 611 662 670 702 710 712 743 813 882 972
23 78 90 163 180 252 281 404 447 555 585 592 711 857 907 929 963
24 42 71 91 120 127 174 200 201 466 508 617 638 656 662 733 766 775 781 868 869 926
25 85 115 317 325 338 512 517 534 623 732 781 789 838 894 928 935 942 945 969
26 44 68 71 148 168 193 252 268 395 457 506 541 563 590 648 662 751 851 860 883 893 968 998
27 31 43 99 103 212 247 257 272 378 455 490 526 534 580 639 701 713 724 729 763 830 847 881 942 952 987
28 31 125 145 427 586 700 849 859 921 986
29 86 99 107 196 257 277 418 576 592 641 686 970
30 188 222 234 261 368 373 433 479 485 538 557 563 581 619 631 641 675 695 820 840 847 850 965 996
31 132 180 186 224 245 260 323 341 366 455 475 555 686 689 735 751 792 803 805 896 901 951
32 104 109 143 248 274 286 322 366 399 452 548 555 585 653 683 735 851 932
33 95 186 188 204 223 283 428 443 597 602 605 630 669 816 888 932 941 955 958
34 47 145 176 225 237 350 454 475 559 592 650 659 747 777 793 860
35 53 72 112 154 229 269 312 397 500 532 614 632 659 691 725 728 754 826 907 923 992
36 60 63 66 107 199 212 238 270 301 338 402 450 453 467 523 706 735 775 801 842 860 964 971
37 93 249 312 328 360 451 458 559 569 577 602 744 770 797 811 838
38 43 49 67 119 132 141 156 179 192 222 292 300 357 367 465 582 589 739 758 778 857 878 956 976
39 111 138 170 193 202 241 271 333 349 565 597 741 748 756
40 58 135 234 286 359 410 437 452 459 502 519 524 532 618 624 635 697 724 855 893 909 980
41 80 113 148 251 280 417 486 503 539 555 579 585 617 691 720 824 909
42 50 68 133 140 232 348 418 540 599 689 735 760 795 810 835 837 850 985
43 48 245 361 383 409 424 425 431 438 523 549 558 573 618 678 684 756 772 835 964
44 82 194 202 245 267 314 333 339 351 356 378 383 433 463 474 562 644 664 677 968
45 247 256 283 354 360 382 394 396 397 399 458 599 667 725 790 796 855 935 989 991 995
46 83 102 156 165 235 302 306 307 315 322 414 460 466 481 497 539 608 656 669 749 780 781 818 829 896
47 48 55 58 106 118 139 188 306 641 759 806 843 997
48 484 557 587 603 632 654 656 678 777
49 54 62 149 152 306 353 421 463 481 485 536 614 617 643 651 744 894 931 988
50 68 94 344 357 394 420 458 472 581 612 628 647 697 734 777 830 907 965
51 59 64 82 133 296 323 408 580 686 761 847 880 946 975 993
52 125 143 201 229 288 314 400 434 525 537 545 647 702 780 828 869 894 921
53 57 78 91 96 130 158 293 455 516 574 792 872 976
54 59 171 220 312 316 340 496 501 527 670 800 811 818 839 876 890 924 929 941 979
55 154 175 231 307 514 562 601 648 655 669 764 902 909 950 954 958
56 348 395 470 483 491 607 766 774 785 787 810 836 844 859
57 85 105 107 197 203 221 270 446 447 541 764 832 853 881 900 919 977 996
58 129 152 192 252 310 428 571 648 649 727 772 892 912 967
59 284 376 502 570 722 787 837 858 863 971
60 105 144 148 183 306 356 410 416 496 508 574 638 726 729 743 780 904 917 940 986 995 997
61 96 229 243 270 274 298 329 383 472 651 670 723 804 836 854 885 940 994
62 71 128 139 240 274 286 290 295 361 475 480 577 582 607 647 667 725 816 873 883 989
63 115 129 186 398 523 551 558 590 643 660 821 926 940 966
64 168 387 436 437 468 485 596 774 879 884 913 990
65 104 304 324 374 545 551 569 637 678 714 813 831 835 885 891 896 945
66 96 106 196 255 309 325 346 452 494 562 564 575 641 655 699 719 729 786 815 836 896 925 956
67 69 79 231 234 810 918 935 953 980
68 95 253 327 399 424 445 476 486 574 601 613 617 624 652 679 803 807 859 909 931 934 943
69 80 109 128 194 236 266 297 303 335 369 431 465 471 515 536 557 620 633 669 727 843 894 936 937 954 960 971
70 99 103 204 235 451 474 627 628 657 719 785 850 876 879 924
71 102 209 291 293 300 321 327 428 476 497 532 556 594 619 791 810 834 870
72 102 166 212 227 430 468 495 510 624 774 781 869 911 966 990
73 112 113 151 194 209 224 327 339 350 376 425 559 706 736 770 783 943 954
74 96 109 129 143 211 235 326 412 450 512 517 545 592 664 715 785 807 889 935 950 969 974 978 981 993
75 149 155 192 439 466 504 550 690 697 726 806 888
76 102 156 197 337 391 425 458 500 504 554 622 674 735 743 775 848 993
77 103 131 133 142 214 238 308 332 389 465 515 595 642 665 715 728 786 828
78 88 113 153 176 332 375 407 419 442 466 472 475 571 589 695 763 815 870 986
79 247 254 376 457 498 512 530 539 586 692 772 779 829 834 871 901 986
80 87 127 133 164 192 226 232 335 390 473 514 580 615 647 648 724 753 771 774 806 907 978 983
81 152 194 218 251 263 347 369 387 422 472 489 557 624 633 660 720 732 838 909 951 958 964 966
82 86 90 101 156 165 177 194 227 248 311 353 383 387 392 393 405 410 502 522 602 720 730 749 779 890 910 950 954
83 119 122 151 245 303 304 310 331 399 460 465 573 664 673 677 701 715 732 742 745 790 965 969 992
84 139 304 398 492 595 658 749 830
85 101 137 156 206 223 269 271 337 358 360 466 472 504 554 560 609 619 701 741 773 826 831 896 928 930 941 970
86 90 105 114 121 138 148 215 302 336 478 521 575 592 644 649 710 737 768 811 822 946 975
87 99 134 230 243 246 275 280 285 423 452 496 558 572 596 761 802 865 901 992
88 105 198 233 271 312 314 347 506 515 527 621 622 716 845 885 894 911 973
89 117 119 135 205 275 317 329 334 360 390 440 467 505 523 578 644 720 942 970
90 134 422 635 637 702 703 714 845 893 953 982
91 144 159 275 319 330 373 451 462 513 575 668 799 829 860 861 880
92 118 132 139 162 207 261 283 302 395 420 450 498 686 715 738 818 989
93 260 278 357 364 562 624 792 816 818 934 978 997
94 125 186 238 253 270 273 285 302 335 343 344 347 364 459 475 615 626 639 767 809 815 879 913 964
95 99 124 165 239 335 367 376 410 422 493 549 554 659 723 724 857 900 963
96 137 168 263 286 333 416 428 460 534 547 586 608 619 685 724 735 776 829 874 877 912 986
97 115 120 175 425 429 566 607 683 708 756 784 813 850 922 966 971
98 126 195 219 225 232 242 301 320 339 416 493 649 691 747 790 827 895
99 123 155 167 207 265 384 429 468 527 616 623 643 696 708 721 722 726 818 829 975 985
100 121 123 125 179 231 232 264 300 372 376 377 452 474 488 505 551 552 603 647 678 715 805 830 879
101 105 124 198 213 259 348 368 465 470 486 574 642 693 773 823 864 881 893 937
102 186 198 256 325 379 411 507 538 591 675 703 818 982 987
103 439 466 507 543 618 636 667 723 916
104 133 149 201 300 332 363 399 462 519 557 598 709 767 804 878 939 998
105 154 181 268 298 326 334 357 438 461 474 499 608 609 651 802 806 817 852 903 935
106 117 146 227 233 253 352 495 507 711 725 781 820 983
107 171 212 274 305 514 524 546 602 659 678 744 883 887 913 979
108 118 171 201 208 220 241 262 266 292 470 474 580 629 642 739 836 908 943 946 953 955
109 140 143 179 284 296 307 434 458 609 684 745 835 863 965
110 116 161 212 219 263 319 331 357 433 476 482 505 534 541 688 713 859 861 899 929 952
111 185 240 345 357 365 416 420 426 450 521 543 567 613 623 683 790 805 819 838 846 887 939 955 979
112 192 215 225 320 341 391 468 475 502 525 599 655 742 826 851 927 964 975 990
113 118 126 162 251 261 324 374 433 530 638 912 923
114 117 187 250 281 417 460 467 488 511 522 525 635 648 660 669 671 704 712 734 773 791 811 839 866 885 891 927 942 948 973
115 119 136 140 232 399 464 536 577 580 667 679 698 841 886 940 949
116 118 172 205 359 421 543 546 691 715 719 809 812 951 977
117 130 264 349 392 405 464 474 495 509 694 704 771 773 797 875 986
118 125 214 235 273 277 512 616 626 674 753 782 793 808 814 828 868 914 987
119 237 347 392 472 601 722 738 763 806 827 942 967 992
120 278 353 361 410 584 721 750 876 893 910 936
121 188 306 314 362 422 450 561 638 640 706 707 723 737 744 778 836 838 900 925 951 970
122 133 185 198 420 483 571 579 611 623 658 679 729 800 836 870 880 883 915 971 983
123 182 218 230 302 363 431 515 533 579 624 655 720 773 778 827 887 944 984 999
124 169 178 301 318 338 390 418 433 564 634 713 797 811 894 910 934
125 224 230 494 592 602 831 899 912 930 942
126 177 209 212 229 287 320 498 548 564 581 651 709 735 843 878 882 899 985
127 147 225 230 294 351 361 393 422 447 552 582 591 618 692 715 749 879 898 930 961 981 985 997
128 219 222 223 246 407 421 447 454 516 701 711 913 971
129 156 178 207 218 310 314 315 377 470 478 501 531 550 578 582 632 739 755 791 914 931 939 948
130 182 234 358 393 410 448 547 556 605 654 837 891 907 927 979
131 189 317 360 363 379 383 425 426 488 498 578 582 593 601 619 641 646 669 687 785 799 838
132 145 190 239 303 383 451 474 512 561 677 889 987
133 156 177 240 281 290 316 324 333 460 532 544 557 568 739 745 778 780 794 799 859 898 905 971
134 139 147 164 182 224 281 308 343 363 367 377 439 455 538 562 585 625 628 662 757 793 944 986 999
135 155 229 247 254 281 301 345 354 392 413 422 425 519 552 608 891 912 976 988
136 140 159 194 288 345 375 389 398 419 471 480 482 527 531 581 674 675 689 700 796 861 915 950 962
137 215 222 394 402 473 537 611 618 653 743 744 829 859 930
138 237 262 284 336 375 491 522 530 535 632 716 770 837 879 894
139 172 179 203 205 280 499 641 723 838
140 307 322 346 373 379 398 433 456 491 495 530 535 590 725 785 947
141 164 196 205 254 270 297 397 399 517 524 525 564 582 586 588 666 730 800 936 966 996
142 226 247 327 378 397 468 521 548 580 677 717 888 890 899 901 905 949 963 983
143 210 225 300 349 400 442 504 557 759 826 866 889 991
144 220 221 290 338 371 453 555 628 678 704 705 742 775 793 798 801 846 928 967
145 179 235 244 312 366 422 449 572 592 630 655 688 715 735 781 942 959 987
146 147 150 170 237 286 454 542 803 841 887 905
147 150 221 225 319 321 374 433 478 481 525 586 595 657 681 820 900 952 967
148 188 242 244 250 366 371 438 504 523 542 557 596 609 618 688 728 732 861 923
149 150 160 203 256 267 345 363 426 481 600 603 604 616 638 784 817 992 994
150 154 211 224 232 239 247 281 293 298 355 414 417 418 454 574 575 631 709 732 748 831 848 915 989
151 200 240 248 284 293 396 630 659 796 820 822 901 914 928 953 992 996
152 184 200 241 383 429 467 528 645 878 917 981
153 213 326 399 582 770 775 818 895 902
154 199 288 296 351 378 379 450 597 598 605 665 836 875 888
155 208 281 311 341 481 574 803 852 941 960
156 249 319 336 357 420 467 588 677 759 777 796 808 849 854 893 906 922 936 982 989
157 175 187 242 254 408 427 533 536 545 658 700 729 834 942
158 159 176 217 236 298 319 335 354 437 500 538 565 657 791 798 832 861 917 955 992
159 185 343 386 423 430 455 512 544 601 745 749 805 806 885 904
160 170 231 250 297 304 334 361 368 511 542 559 581 588 605 620 625 633 643 650 691 782 837 886 891 940 971
161 170 202 299 369 417 444 498 561 585 603 690 696 709 794 843 851 927 971 991
162 213 215 258 307 468 537 627 637 753 768 839 841 888
163 290 291 345 481 506 554 621 635 677 701 716 719 723 753 804 942 966 982
164 197 285 400 419 479 498 508 729 798 906 929 965
165 341 428 441 488 569 638 710 713 729 748 770 825 830 838 843 849 885 915 988 991 995
166 178 180 304 351 367 370 392 449 464 471 507 598 608 644 682 683 725 734 837 838 860 878 906
167 185 284 312 337 350 355 370 373 417 439 516 522 597 629 765 805 889 901 915 974
168 250 261 316 364 402 554 617 652 751 755 887 916 935 954
169 189 231 296 315 354 423 556 566 628 630 766 777 838 890 938 946 973 987 999
170 185 349 393 403 506 524 526 533 562 574 576 635 664 688 693 764 786 819 828 865 870 923 989
171 206 224 326 339 412 533 553 579 588 627 631 660 770 860 867
172 185 238 243 269 371 399 432 471 587 590 609 662 704 775 836 893 900 944 955
173 351 372 469 474 480 487 507 509 526 624 710 843 860 957
174 195 262 354 521 635 664 704 766 802 809 844 925 949 996 998
175 226 316 597 703 721 782 814 822 918 948 956 962
176 222 237 277 297 419 483 513 536 721 756 787 835 893
177 201 213 222 253 276 286 318 356 482 492 513 550 597 645 652 693 740 782 889 893 897 931 975 979
178 240 272 274 281 346 367 419 557 588 640 659 683 749 769 816 821 862 999
179 181 209 223 251 298 379 439 524 530 535 542 565 593 681 682 761 769 842 870 950 978 982 990
180 197 206 259 266 291 316 338 358 417 471 479 497 582 585 664 675 697 832 927 971
181 262 320 360 586 589 595 652 726 761 857 935 947 953 962 974
182 213 227 228 289 494 529 545 551 604 634 673 705 720 767 858 901 996
183 221 310 327 344 386 413 415 482 530 640 764 777 833 891 902 938 947 964
184 381 465 466 491 539 580 652 738 786 816 899 956 994 998
185 206 301 318 320 360 372 388 464 707 715 718 841 880 987
186 211 232 246 270 310 325 339 345 404 441 461 495 583 642 734 783 787 907 921 953 983
187 202 214 310 313 441 442 461 520 523 555 595 665 671 677 756 833 859 887 890 896 948 956 964 980 995
188 275 551 578 614 618 648 732 759 842 847 913 954 982 992
189 193 279 367 429 483 557 613 622 631 807 846 904
190 207 221 283 295 383 424 458 593 661 719 732 815 921 923 965
191 208 275 296 343 365 381 484 509 616 664 666 789 838 917 929 937 945 948
192 211 221 264 269 320 348 416 417 460 511 519 528 551 565 582 619 831 855 856
193 237 286 314 326 362 367 419 420 436 601 626 639 673 676 730 757 765 925 956
194 238 320 372 449 468 501 534 539 569 609 727 756 780 819 878
195 198 219 319 320 427 512 739 743 753 769 891 944
196 239 292 301 381 441 485 493 500 528 534 537 554 609 737 768 794 807 882 943 978
197 272 341 342 343 449 464 474 483 490 502 652 736 776 779 808 965
198 204 241 335 350 417 436 538 587 598 764 778 786 889 897 936
199 207 288 411 463 604 730 775 958
200 210 243 323 349 374 378 394 400 448 454 469 525 549 591 637 654 687 786 893 942 954 967
201 274 385 391 454 484 524 627 732 742 778 824 845 875 892 950
202 248 270 459 477 484 494 516 553 673 720 733 815 873 902 911 999
203 227 289 364 375 391 410 489 490 501 502 531 717 725 770 771 895 938 971 973
204 369 427 447 525 562 598 602 634 731 815 864 875 890 896 899
205 306 356 375 432 449 469 496 540 561 588 595 596 605 631 655 664 692 711 743 845 887 899 902 998
206 221 292 308 320 447 450 506 626 798 826 834 848 895 897 938
207 322 333 366 417 426 501 519 571 582 613 630 749 759 903 958
208 237 261 358 372 383 447 661 663 696 697 745 754 939 982
209 211 246 261 326 382 385 470 480 486 533 595 600 621 697 762 781 935 959 974 981 986
210 218 408 436 439 502 552 635 682 800 801 817 835 860 929 964 965
211 257 304 341 350 405 456 469 497 541 572 592 601 694 707 743 832 894 938
212 246 330 337 344 465 612 645 751 832 868 911 972
213 256 269 326 327 357 450 651 667 779 981 999
214 240 307 323 333 346 368 373 378 458 542 647 670 816 898 910
215 256 271 408 418 624 657 667 714 864 917 932 944 953
216 232 284 425 465 522 590 662 668 733 846 990
217 251 276 284 365 424 527 611 757 772 812 844 850 909 940 964
218 251 274 278 309 335 361 420 555 561 576 593 776 828 832 896 926 938
219 303 337 475 547 636 647 669 713 753 798 849 929 959
220 250 309 326 353 369 390 517 567 611 677 684 687 693 791 805 808 846 929 943
221 312 352 361 402 407 447 456 505 551 594 597 715 753 777 799 880 902 915 992
222 263 273 291 334 350 576 878 888 942 957
223 280 322 415 504 516 548 553 557 578 585 616 622 648 659 676 694 702 842 850 976 992
224 288 295 338 379 401 460 529 557 559 596 621 648 694 707 737 832 849 856 943
225 298 308 326 389 392 460 527 529 609 741 869 980
226 336 416 454 461 490 508 604 673 677 738 815 889 944 947 994
227 288 327 328 347 438 530 553 594 605 635 933 970
228 260 322 323 374 433 472 559 754 835 875 915 929
229 302 338 394 396 431 434 494 652 702 764 819 832 875 902 969 990
230 237 271 288 389 395 505 526 620 622 790 904 992
231 251 256 271 275 297 315 321 376 425 459 477 562 566 707 738 964 990 994
232 347 391 394 454 506 523 538 600 679 692 701 754 846 858 862 910
233 264 272 292 366 385 392 418 501 516 517 519 542 592 611 628 656 686 703 707 718 722 724 740 916 932 984
234 327 374 417 539 588 621 672 678 684 715 718 741 790 802 844
235 380 460 540 556 626 681 714 720 806 963
236 258 294 303 366 367 385 463 464 486 602 623 627 651 695 755 790 859 971 990
237 301 392 525 566 621 624 776 812 844 908 964 974
238 243 322 327 365 418 581 594 674 720 773 844 880
239 260 276 316 322 324 345 367 395 413 438 494 518 532 536 608 614 631 754 792 805 820
240 258 284 296 436 563 577 651 797 830 904 938 947 950 983 988
241 263 357 396 443 468 474 568 587 636 701 743 768 774 861 889 943
242 247 281 291 540 632 703 787 813 824 846 890 964 967
243 265 309 317 330 407 484 510 523 570 684 741 751 769 859 880 938 998
244 330 340 356 359 401 436 558 574 594 616 642 663 691 748 792 848 866 975 980 994
245 273 371 472 503 686 695 707 859 878 952
246 282 344 363 383 445 489 506 548 658 659 680 730 770 841 878 936 958 972
247 255 289 295 369 431 434 463 487 492 548 597 635 663 679 711 762 845 852 901 929 996
248 318 395 407 481 529 536 616 627 663 688 701 706 776 885 965 988
249 279 364 403 422 488 499 506 527 528 554 577 657 674 703 794 815 830 932 977
250 315 343 434 435 448 521 547 592 620 711 886 889 925 943 949 960 977
251 376 408 426 530 589 645 710 768 779 786 839
252 266 318 387 514 516 648 738 783 784 808 975 986
253 609 627 755 802 873 880 947 968
254 263 327 359 609 642 748 788 822 895 902 920 932
255 308 373 392 564 631 675 689 753 794 849 905
256 459 562 683 698 702 730 865 945
257 281 326 397 507 748 860 862 875 877 878 880 905 913 917 967 968
258 472 523 597 667 698 733 765 815 835
259 272 548 595 659 790 801 855 901 922 999
260 275 307 311 382 418 427 471 586 681 724 728 893 954
261 277 368 392 422 443 459 643 740 871 897 933 953
262 310 378 447 500 503 550 705 708 763 832 886 961 982
263 409 417 430 485 505 521 567 609 641 702 721 737 891 969 971 990
264 343 357 400 430 459 584 609 630 643 657 683 730 801 899 908 909 922 947
265 297 330 342 392 422 499 536 659 717 740 771 795 804 820 846 920
266 271 282 368 445 464 503 601 653 876 891 902 923
267 398 407 554 603 649 678 782 852 944
268 373 447 455 567 603 638 712 789 806 843 914 961
269 340 511 579 609 622 637 703 711 713 873 939
270 271 426 450 468 487 517 527 554 577 622 736 790 816 914 923 998
271 325 424 440 513 653 678 714 784 856 926 934
272 323 399 448 455 462 463 482 573 642 657 668 682 759 899
273 380 412 418 420 438 497 610 683 773 817 841 907 952 972
274 297 298 308 341 421 470 500 579 642 659 736 842 850 894
275 304 319 323 336 344 360 361 399 422 448 570 708 746 755 759 768 782 842 895 920 981
276 302 315 321 432 477 502 613 660 710 721 815 911 987
277 280 416 442 540 563 564 585 675 782 787 790 816 859 873 892 929
278 282 313 319 322 363 430 442 475 539 543 596 609 731 737 823 880
279 317 362 419 455 507 524 613 630 638 687 791 857 892 986
280 317 389 503 533 561 637 688 756 764 805 849 859 918
281 365 401 425 437 456 457 460 479 636 700 745 800 820 826 854 927 931 938 942
282 311 350 397 417 424 497 528 615 630 694 777 842 897 911 925
283 359 364 405 453 511 513 523 668 759 826 895 976
284 310 556 564 594 612 702 728 832 851 905 980
285 464 537 542 620 666 763 825 848 907 913 974 999
286 300 318 364 378 384 541 600 613 616 691 715 747 769 802 882 925 930 973
287 315 468 563 592 692 710 718 733 824 916
288 338 368 402 408 471 493 554 570 614 618 619 661 697 757 817 844 864 932 958
289 406 441 542 581 672 706 871 905 935 960 968 986
290 305 354 389 462 521 580 594 651 757 875 909 971
291 314 319 371 374 466 483 510 528 596 655 670 769 789 842 883
292 305 316 331 354 361 373 433 519 563 607 697 703 744 769 785 870
293 338 433 486 492 581 594 721 744 795 902 903
294 321 340 357 452 483 501 521 640 665 675 747 925 928
295 340 357 368 380 417 429 431 480 503 549 600 625 668 751 774 781 797 837 838 955 990
296 354 381 457 507 527 529 532 550 606 665 680 740 778 811 911
297 360 370 459 467 567 619 687 746 799 855 857 906 934 946 975
298 345 387 403 483 558 661 676 713 848 862 868 907 940 949 987
299 349 426 431 532 616 668 675 688 701 766 793 824 868 907
300 315 396 500 586 590 610 626 778 815 881 945 994
301 302 311 374 422 480 526 536 578 624 687 785 819 848 882 962
302 336 364 403 417 474 503 678 693 843 881 891 980
303 307 421 475 483 507 520 591 768 809 859 866
304 311 436 463 491 516 518 540 555 775 812 834 992
305 321 346 568 816
306 324 478 637 658 672 730 748 768 784 794 816
307 347 374 390 485 625 798 803 826 844 890 908 932
308 322 365 411 461 501 649 662 666 720 728 757 778 782 785 792 794 815 880 909 929 962
309 347 351 369 456 564 661 664 675 960
310 335 350 417 506 541 725 776 787 788 861 974 994
311 356 399 410 435 487 604 609 622 650 653 664 704 803 864 875 905
312 327 506 509 529 538 586 631 708 736 758 827 833 905 908 962 979
313 337 410 500 566 622 682 686 736 752 874 927 972
314 338 339 362 464 538 588 641 789 791 877 881 882
315 332 415 490 528 627 724 776 843 881 918 996
316 359 438 451 520 545 606 634 635 698 706 709 781 855 903 993
317 357 363 370 377 379 464 504 525 616 645 658 669 673 825 845 856 871 880 890 911 919
318 366 382 422 447 459 545 549 566 574 614 682 711 720 723 737 751 932
319 350 404 442 458 467 628 649 691 705 746 764 812 916 926
320 366 396 425 429 443 531 566 590 736 790 802 816 920 929 941 957
321 326 332 369 457 461 479 529 566 642 661 684 795 910 965 981
322 328 375 475 488 511 534 543 546 551 718 736 789 888 970
323 435 455 471 518 601 753 935
324 364 452 502 548 582 590 609 918 923
325 354 404 438 488 610 628 762 772 781 824 907 908 964
326 344 356 451 467 532 548 560 674 675 694 727 745 810 828 914
327 341 387 433 552 673 727 951 997
328 447 538 543 550 562 569 615 683 702 726 828 933 951
329 438 468 471 575 598 603 648 712 769 772 784 832 879 919 941
330 332 410 439 455 500 535 617 689 698 703 729 759 771 825 921 935
331 453 541 545 549 557 572 649 700 942 959 994
332 427 433 443 507 516 624 643 703 704 729 751 880 915 946 955 968
333 340 369 373 437 514 523 545 627 635 715 729 837 870 915
334 361 368 469 480 544 567 624 627 688 725 818 820 842 859 918
335 394 405 431 433 516 532 582 622 626 690 697 757 822
336 343 375 399 422 434 456 483 618 633 641 676 755 773 798 966 996
337 362 410 598 694 746 792 911 984
338 363 377 380 393 524 555 561 700 734 738 756 791 862 907
339 411 422 453 559 593 821 854 881 926
340 418 420 463 508 522 548 596 599 640 681 730 742 842 957 985
341 362 367 396 415 476 527 559 562 712 732 758 824 837 839 849 861 939 951
342 435 520 530 598 705 781 922 930
343 430 511 593 623 832 847 890
344 372 508 578 723 738 765 773 787 802 867
345 392 433 493 539 647 789 883 975
346 399 438 466 499 670 870 911 944 960 975 979 994 998
347 392 437 490 499 539 571 675 683 699 748 764 793
348 439 450 492 539 580 674 736 879 976 999
349 357 539 615 627 636 647 658 712 778 862 913
350 365 389 402 423 519 585 618 651 662 692 919
351 380 401 471 595 709 744 784 855 864 889 924 941
352 355 415 421 481 552 578 600 617 719 789 791 849 862 919 942
353 370 416 418 427 623 638 648 696 770 804 818 844 899 919 979 999
354 365 571 614 616 619 627 647 658 697 837 839 889 951
355 360 403 447 497 514 576 583 595 630 645 668 798 886 915
356 410 453 506 510 512 563 602 688 808 818 840 894 910 923 935 948 961
357 374 397 443 526 531 568 638 682 683 703 770 804 907
358 359 370 374 419 430 489 529 551 580 598 812 874 898
359 501 514 551 557 643 661 676 745 777 787 833 860 896 936 937 939
360 368 426 431 469 473 487 523 544 618 717 782 800 808 815 859 864 900 942
361 434 453 517 532 581 593 633 668 673 737 757 800 850 854 911 923
362 447 452 487 570 611 664 711 911 922 941 988
363 407 437 448 537 539 568 573 582 683 689 727 777 803 804 831 887 938 946 973
364 403 422 451 495 602 633 664 721 806 822 840 889 937 965
365 367 587 638 666 685 695 734 768 777 849 863 879 944
366 367 384 450 462 740 806 815 816 834 866 967
367 401 405 416 476 504 527 554 592 599 710 713 868 924 961 965 979 985
368 433 434 545 551 631 696 750 787 818 831 839 884 887 905
369 380 443 452 517 575 586 654 705 726 752 837 845 856 877 918 965 983
370 374 380 408 519 604 712 787 795 796 797 804 935 978
371 375 432 454 478 529 532 554 565 684 726 843 892 893
372 375 427 444 475 503 556 576 630 655 706 761 780 795 865 870 879 946
373 436 451 490 503 508 543 589 741 783 883 954
374 429 473 478 537 780 845 993
375 413 493 502 642 643 704 787 820 870 894
376 394 455 510 534 548 568 647 693 744 783 798 912 918 919 980
377 477 498 515 599 638 685 693 719 748 759 760 851 852 924 963
378 388 420 461 580 620 765 768 779 942 947
379 392 451 606 618 627 673 726 823 834 894 919 934
380 386 428 455 483 503 666 818 826 904 936
381 454 540 544 554 556 570 596 621 643 661 685 694 819 849 861 878 963 972
382 410 420 425 541 561 564 617 698 719 790 833
383 414 426 452 519 585 597 882 891 960
384 411 454 489 550 594 603 637 648 723 754
385 472 567 617 660 667 680 745 764 842 905
386 403 419 507 535 597 632 636 663 673 682 777 784 792 863 896 897 938
387 426 460 483 526 599 783 792 808 853 886 917 947
388 391 446 464 517 520 547 598 622 625 666 772 925 980 987
389 431 456 460 485 548 676 794 825 847 868 896
390 393 472 586 622 636 954 993 997
391 504 540 569 602 609 678 840 849 851 975 986
392 415 538 581 597 646 886 930 977 983 992
393 471 486 739 813 865 927
394 478 676 809 852 857 858 868 886 901 927 955
395 482 682 687 724 836 919 988 991
396 406 484 523 532 616 669 705 847
397 582 748 756 776 778 859 903
398 480 613 626 679 713 721 794 838 872 874 979 985
399 481 538 582 597 598 614 624 684 716 770 786 788 830 852 861 904 940
400 410 481 522 541 547 575 590 758 795 866 898 936
401 463 468 535 623 624 632 758 840 956
402 405 475 528 573 633 634 690 694 747 783 875 891 897 899 912 972 987
403 525 539 646 701 712 779 812 899 901 947 968
404 502 518 648 702 762 800 946 971 979
405 467 495 519 590 654 708 729 754 761 804 831 847 862 867 974
406 468 588 595 669 732 789 859
407 413 424 434 436 546 562 624 634 648 665 763 769 788 863 911
408 505 520 546 557 647 747 751 853 963
409 475 577 616 658 667 668 682 748 791 868 948
410 422 458 503 505 532 537 580 616 677 737 769 834 924
411 474 523 560 645 725 769 802 830 842 882 890 931
412 413 520 557 560 566 617 665 694 697 698 744 840 873
413 414 418 462 516 569 591 622 669 690 714 765 767 839 894 949 969 985
414 449 507 516 576 739 760 836 854 901 905 949
415 416 487 498 540 583 638 658 680 683 689 746 769 779 788 802 812 834 883 896 940
416 514 582 728 858 952
417 547 582 635 664 666 722 755 756 906 919 938 963
418 438 467 491 494 518 532 534 659 712 800
419 425 570 594 635 663 682 903 976 989 997
420 521 573 579 647 696 754 766 779 797 836 895 947 987
421 461 532 533 563 593 688 710 743 794 796 813 827 886 946
422 451 521 530 551 552 587 598 708 724 831 864 896 906 929 967 981
423 461 471 473 517 624 718 769 785 865 872 922 949 970 977 987
424 521 533 555 584 723 843 863 918 931 979
425 497 503 512 576 627 629 652 777 844 902
426 433 458 463 512 540 638 675 795 817 828 948 968 972
427 475 480 484 487 696 792 846 965
428 454 544 580 645 674 687 702 705 757 770 804 900 906 928
429 437 461 520 551 704 723 764 923 959 979 992
430 454 458 479 530 543 590 645 707 824 840 945
431 438 504 570 577 605 645 745 784 801 906 952
432 532 572 664 691 694 772 824 829 872 878
433 453 459 479 559 630 738 855 892 899 922 926 949
434 439 489 500 504 567 624 629 670 718 741 754 818 822 826 892 991
435 679 686 695 743 800 852 855 864 926 947
436 442 464 471 482 491 496 514 519 520 641 781 809 852 950
437 465 566 578 603 655 701 705 788 875 888 952 968
438 485 651 746 784 852 857 870 876 881
439 496 520 547 565 567 644 659 675 709 738 776 813 861 896 898 921 951
440 467 470 512 540 545 580 590 611 643 647 653 694 745 801 829 875 986
441 448 458 517 603 611 692 864 884 937 990
442 580 596 603 614 639 667 730 743 807 827 882 949
443 455 472 479 503 511 568 601 654 681 930
444 464 467 576 581 706 829 876 923
445 473 479 486 507 527 615 697 712 737 740 929
446 473 658 797 807
447 533 549 558 673 781 813 847 860 942
448 620 702 765 782 789 855
449 456 465 494 508 674 842 959 981
450 573 592 604 653 668 710 714 771 880 986
451 513 592 607 620 626 675 733 761 965
452 518 560 588 600 809 914 944
453 468 475 561 568 612 653 660 678 762 776 892 937 950
454 465 554 592 616 625 636 647 706 796 827 940 973 999
455 493 582 616 665 709 743 907 957
456 506 572 689 691 699 702 752 800 813 856 868 933 941 947 972
457 472 548 637 711 756 935 961
458 472 488 508 519 627 685 700 819 878 881 944
459 469 474 511 563 572 583 632 734 777 843 865 893 908 924 964
460 539 572 626 845 937
461 496 772 775 862 889
462 472 520 522 567 707 742 744 834 975
463 547 637 667 736 749 958
464 537 548 616 644 646 723 776 783 790 944 965
465 500 531 544 692 711 721 807 841 909 921 935
466 492 510 545 591 695 744 790 817 933
467 490 607 759 781 819 836 837
468 524 528 585 625 715 724 756 764 772 823 827 895 953 977
469 477 512 522 712 715 751 764 779 815 816 884 885 945 995
470 529 672 700 702 706 767
471 643 655 688 748 783 789 818 823 859 902 907 941
472 491 518 577 584 624 628 632 683 716 769 811 835 865 884 888 916 922 956
473 491 506 571 651 680 684 803 826 844 909 937
474 500 916 974
475 552 652 655 718 847 882 938 942 987
476 578 672 706 766 922 955 972
477 481 557 630 676 739 776 805 813 852 860 894 930
478 508 550 559 571 714 743 781 790 879 909 928
479 690 837 842 893 896 941
480 652 660 673 685 720 758 803 866 896 917 935 964 975
481 487 499 575 609 632 663 697 771 791 807 815 850 909 973 998
482 511 740 747 801 825 967
483 513 616 645 654 661 670 676 685 690 701 705 886 944 950 975 989 999
484 486 591 651 688 748 803 888 900 902 939
485 553 562 583 606 688 695 820 847 911 913
486 496 499 534 546 704 711 771 935
487 518 520 559 634 666 713 756 785 814 840 878 969 990
488 499 635 690 717 743 863 975 989
489 597 605 630 632 683 696 700 975 994
490 530 595 616 670 908 958
491 573 655 702 798 891 981
492 579 585 588 604 745 848 966 989
493 526 531 544 553 662 721 734 785 789 950 990
494 525 596 662 720 737 751 805 814 887
495 528 606 618 688 689 701 800 861 872 891 906 927 944 965
496 585 590 673 698 762 781 800 821 875 915 955 977 986
497 508 584 594 645 721 722 867 890 953
498 531 546 558 589 671 933
499 583 725 756 761 763 808 879 981
500 521 529 544 567 570 611 614 630 655 697 738 766
501 591 633 643 710 852 885 906 911 939
502 695 701 727 745 748 776 815 855 972 990 999
503 547 560 561 570 586 619 637 683 736 750 776 811 967
504 540 692 716 717 759 800 932 969
505 518 559 598 650 652 716 717 755 820 928
506 513 521 596 651 759 781 791 865 887 905 907 943 980
507 590 664 666 702 712 778 807 997
508 593 754 762
509 688 691 719 761
510 597 625 628 631 685 727 816 937
511 590 780 790 793 840 843 925 954 978
512 516 536 579 754 780 781 790 816 929 933 977
513 532 577 591 631 644 645 656 664 679 761 858 930 950
514 542 555 569 614 616 644 839 910 998
515 617 619 625 724 856 892 913 940 981
516 640 662 678 699 786 880 933 955 975 979
517 550 564 631 639 755 861 906 950
518 553 570 645 753 765 836 912 962
519 532 568 604 627 748 780 845 846 911 915
520 539 615 656 704 716 788 847 866 869 930 962 980 990
521 555 624 711 752 820 880 987
522 678 824 873 894 908 939
523 635 640 679 729 732 742 815 886 917 918 939 947
524 594 617 714 854 866 894 948
525 535 607 625 666 834 899 930
526 606 717 750 861 865 872 923 945 959
527 560 688 698 775 799 851 865
528 530 570 583 609 638 691 692 833
529 559 671 706 768 890 971 994
530 545 556 557 559 617 627 691 737 832
531 669 816 835 859 863 901 947 963 987
532 660 695 730 801 867 872 993
533 538 560 578 596 665 670 747 788 862 926
534 555 616 661 738 746 888 932 946 972
535 561 607 644 664 668 678 685 687 714 720 726 732 793 805 838 873 984
536 607 673 825 863 984
537 646 663 675 700 814 831 853 858 878 898 909 925 935 954
538 547 599 603 616 723 748 760 821 868 871 991 994
539 571 604 638 703 739 777 779 786 933
540 866 919 926 933 962
541 572 581 677 800 806 873 898
542 617 650 668 777 990
543 569 636 649 732 771 857 934 954 987
544 609 625 626 654 688 786 852 855 866 906 934 972
545 550 553 682 749 839 863 919 930 945 981
546 559 563 607 625 662 708 765 807 919 974
547 588 722 767 790 920 936 991
548 602 736 749 755 774 864 896 913
549 560 588 608 653 654 768 815 896 978
550 675 719 752 865 881
551 613 638 718 754 805 837 852 860 954
552 608 692 736 861 864 924 926
553 593 609 692 704 749 833 894 909 997
554 561 639 673 793 825 856 872 889 907 919
555 672 724 753 759 764 782 805 819 858
556 563 739 760 787 865 870 885 945 960 962 986
557 602 657 672 721 761 776
558 584 697 737 750 921
559 569 700 776 819 872 901 914 955 967 972
560 563 637 684 690 719 825 862 869 928 947 962
561 597 622 651 826 867 890 911 968
562 583 587 626 678 747 767 775 806 882 909 972 994
563 564 606 621 640 661 682 737 750 766 773 856 869 954
564 594 609 641 666 728 761 762 817 830 944 946 958
565 653 668 699 820 833 879
566 598 636 642 717 808 938
567 588 621 638 657 769 802 938 955
568 664 676 715 767 796 880 888 897 904 971 990
569 603 621 668 745 769 840 846 886 896 920 955 964
570 571 620 630 658 687 737 745 760 782 783 821 857 873 946
571 594 650 678 875 887 901
572 628 741 764 798 803 820 851 874 877 933
573 623 640 723 726 793 857
574 635 719 761 764 826 981
575 577 583 669 717 790 815 850 901 976
576 634 635 660 684 689 715 826 853 896 901 906
577 588 605 714 862 875 881
578 645 703 748 762 790 932
579 715 722 739 859 915 920
580 604 665 689 699 760 763 785 803 846 878 930
581 616 662 663 835
582 668 726 913 938
583 647 703 713 723 749 750 800 838 870 920 982 997
584 651 673 687 891 920
585 612 630 737 775 838 855 892 910 934 954 972 994
586 742 756 777 778 780 812 879 952
587 652 665 669 796 815 912 931 934 982
588 656 779 795 801 865 936 942
589 600 673 696 746 816 825 887 901 910 914 956 958 971 994
590 610 653 698 727 742 788 872
591 646 668 764 853 921 959
592 604 634 639 672 711 718 764 792
593 631 671 764 807 823 838 864 984 997
594 630 649 738 817 920
595 668 721 742 784 785 797 802 955 993
596 726 762 767 862 937 972
597 613 694 851 871 952
598 599 611 619 636 672 727 729 753 789 820
599 600 636 679 681 693 822 825 833 835 849 866 918 973
600 616 671 693 707 817 827 900 914 919 982 989 997
601 668 700 731 906 915 929 931 956
602 611 752 758 866 951
603 726 727 728 747 820 929 958 962
604 618 646 659 669 750 826 832 849 853
605 714 764 814 837 935
606 754 786 812 840 919 954
607 733 737 748 776 777 807 837 851 866 886 904 962 998
608 612 673 679 694 795 802 998
609 614 641 806 808 840 906 952 972 992
610 615 671 756 787 822 855 885 886 925 940 972
611 622 637 701 716 820 828 919 939 990
612 712 773 781 854 901 921 950 961 993
613 628 659 710 737 775 853
614 655 873
615 622 832 848 863
616 643 716 786 820 824 911
617 694 706 733 756 915 989
618 622 744 750 827 855
619 689 729 801 842 993
620 647 654 715 722 844 860 884 955
621 737 814 821 861 898 907 921 958 967
622 627 678 705 718 734 755 808 820 919 929 941
623 698 731 839 925 967 993
624 682 722 758 805 828 869 895 944 960
625 792 828 851 985
626 644 675 717 810 827 942 962 973
627 641 648 654 708 737 793 820 835 876 879 924 932
628 652 665 742 846 856 871 902 911 953
629 670 756 778 807 852 856 886
630 665 746 749 799 807 859 902 906 948 977
631 647 680 688 698 702 754 829 852 853 877 917 960 963
632 676 778 795 797 798 835 840 857 940 951 953 961
633 703 757 764 796 798 948 973 991
634 677 692 734 785 788 798 932 985
635 643 655 663 758 883 895 983
636 688 757 790 866 978
637 696 697 706 708 711 715 770 818 858 899 945 953 974
638 688 820 889 893 913 950 963 977
639 659 703 726 841 858 893 913 915 948
640 682 806 812 846 933 948 962
641 661 663 665 687 779 841 936
642 673 808 811 813 844 865 924 972 982 989
643 659 685 844 848 857 858 946 957 977
644 687 707 735 781 819 837 856 861 893 907 917 922
645 709 727 744 767 798 841 951
646 660 736 872 911
647 660 705 759 807 862 905
648 657 853 887 892 911 922
649 710 774 989
650 678 763 784 842
651 688 805 819 835 942 978
652 671 702 752 769 823 826 879 889 900
653 734 793 801 832 853 969
654 885
655 657 674 715 767 782 801 847 852 961
656 751 760 775 792 801 979
657 676 760 787 799 816 835 900
658 846 900
659 667 708 754 759 823 843 845 892 895 901 931 961 980
660 781 806 926 957
661 672 724 756 780 814 842 901 943
662 665 720 757 788 834 943
663 696 803 828 850 868 894 914 929 932 991
664 666 718 745 747 804 822 863 963 964
665 673 769 821 826 876 893 895
666 708 721 723 826
667 690 729 770 811 848 922 995
668 691 818 924 936 944
669 670 706 781 834 837 839
670 707 748 760 761 803
671 755 837 886 899 945
672 750 792 810 863 934 942 981
673 698 741 915 952
674 679 754 817 843 950
675 681 682 696 755 786 833 845 859 907 957 968 992
676 794 804 821
677 699 847 854 857 865 892 969
678 697 704 807 867 948 997
679 684 721 756 799 858 878 946
680 743 749 760 816 979
681 713 794 827 886
682 730 758 800 825 836 837 990
683 817 822 829 835 872 907 935 940
684 698 708 718 754 818 861 997
685 692 828 832 907
686 762 901 932
687 776 797 841 897
688 707 787 791 807 822 887 995
689 746 777 795 809 845 888 902 919 952
690 835 877 967
691 711 714 764 766 794 857 893 913 917
692 726 727 794 879 950
693 722 756 866 946 987
694 740 784 925 956 969
695 757 833 850 852 856 891 979
696 705 741 801 812 875 909 914
697 759 761 768 784 803
698 742 774 904 930 973
699 703 708 831 846 849 996
700 716 821 903 908
701 708 729 781 823 907 914 933 986
702 744 754 777 837 844 876 930 938 943 971 988
703 724 753 764 858 896 954
704 951 969
705 715 895 938
706 778 804 845 876 897 969
707 753 873 874 924 946 994
708 836 838
709 718 742 750 801 907 910 913 984
710 915 946
711 747 829 851 894 956
712 714 726 835 846 910 969 998
713 786 802 875 908 911 930 938 958 981
714 722 782 790 850 865 957 960
715 717 755 756 824 829 890 902 980 991
716 757 822 866 891 916 935 960
717 720 775 834 969
718 726 770 783
719 748 758 788 791 810 815
720 750 849 930 938
721 734 940
722 750 752 774 820 886 897 928 989 993 995
723 729 764 796 798 805 816 927
724 758 796 824
725 741 766 851 853 921
726 755 798 839 844 859 861 928
727 762 808 829 841 875 950 997
728 799
729 853 946 973 977 983
730 781 819 823 894 952
731 782 786 794 917 938
732 807 839 848 921 997
733 835 917
734 905 907 911
735 902 904 909 987
736 758 761 860 867 875 882 943 950
737 752 753 784 829 866 870 872
738 769 787 805 898 908 924 927
739 744 829 891 949 977
740 752 754 797 848 973 980 983 989
741 754 779 802 869 890
742 789 816 847 905 959 990
743 797 872 937
744 958 972
745 794 846 857 949
746 770 791 805 812 841 954
747 877 887 953
748 788 858 929 949 957 980
749 862 887 911 935 948 984
750 757 810 829 831 886 966 979
751 827 871 892
752 779 845 861
753 783
754 758 849 906
755 798 825 872 874
756 785 821 948 971
757 793 861 958
758 759 832 980 993
759 896 913 942 996
760 770 870 909 991
761 809 825 855 894 937 940 987
762 827 835 940 963
763 804 832 838 861 868 891
764 776 863 867 995
765 793 799 800 890
766 836 943 947
767 793 802 827 840 868 965
768 783 807 824 894 918 947 960 972
769 808 824 850 862 909 919 924 939 992
770 814 839 873 903 922 939 975
771 779 801 910 930
772 871 892 894 919 932
773 849 861 962
774 779 804 818 841 844 898 904 953 969 971 974 987
775 789 803 877 955
776 788 923 943 955 974
777 788 853 855 870 887 928 931 997
778 795 909 930 981
779 897 953 955 961
780 881 923 971
781 851
782 803
783 791 903 907 928 953
784 847 853 964
785 809 824 825 826 849 855 910 961 970
786 809 855 874 923 966
787 827
788 806 811 874 891
789 904 957
790 806 920 994
791 814 872
792 798 807 885 924 930 944
793 802 900 982
794 991 997
795 800 829 853
796 891 953 957 968 986
797 888
798 839 842 891 902 928 936
799 803 823 860 876 952
800 923 993
801 817 852 868 948 969 970
802 816 935 948 972
803 927
804 862 938 950
805 816 831 967 974 997
806 828 902 938 960 986
807 816 828 942
808 849 867 937 946
809 961 969
810 848 855 859 959 970
811 909 920
812 863 891 983 995
813 819 899 947 964 965 976
814 928
815 850 881 915 922 931 932
816 968 975 999
817 819 871 904 910
818 918 989
819 822 907 918 928 997
820 848 927
821 940 961
822 891
823 907 918
824 920 932 950
825
826 847 892 895 964
827 883 976
828 849 903 917
829 881 976
830 853 863 910 942
831 885 892 901 903 953
832 946
833 909 921 956
834 879 890 922 959
835 871 887
836 846 870 886 945 964 999
837 903 957
838 931 975
839 853 874 891 894 971
840 846 862 879 909 916 932 953
841 867 892 911
842 886 941 988
843 851 869 876 985
844 868
845 886 954 966 968 976
846 891 923 966 967
847 860 863 927 930
848 856 858
849 886 921 938 963 965
850 869 928 964
851 854 884 986
852 923
853 908 930 971
854 929 979
855 867 974
856 884 909 939 942 969 984
857 904
858 936 974 978 992
859 898 966 975 998
860
861 867 929
862 898 903 995
863 961
864 987 993
865 912 938
866 904 944 997
867 885 909 938 955 961 964
868 888 915 934 997
869
870 876 887 930 951 976
871 901 910 922 934
872 895 904 914 927 966 968 997
873 885 977 984
874 931 974
875 877 958 976
876 928 995
877 891 989
878 900 933 934 943 947 960
879 897 939 994
880 887 902 930 996
881
882 910 915 931
883 928 960
884 981 999
885 929 943 978 980
886
887 933 943 944 973
888 932
889 943 944
890 945 979
891 893 972
892 923 936
893 903 942
894 907 932 947 966
895 922 995
896 922 925 930 981
897 926 943 977
898
899 930 938 959 976
900 906 945
901 929 982
902 907 932 960 969
903 918 986
904
905 971
906 913 916 930 974
907
908 927
909
910 912 914
911 917 925 959
912 925 942
913
914 924 929 958
915 921 935 941 996
916 994
917
918 948
919
920 975
921 957 963
922 939 952
923 968
924
925
926 954
927 929 955 972
928 966 973 985
929 938 969 996
930 940
931 944 982
932
933 997
934 983
935 961
936 943 962 982
937 946
938 948
939 950 990 992
940 941
941 945 984
942
943 960 973
944
945 961 975
946
947 985
948
949
950
951 961
952 954
953
954 971
955 963 970 976
956 957 970 985
957 998
958
959
960
961 964
962 985
963 996
964 965
965
966 986
967 971
968 985 999
969
970 973 990
971 989
972 997
973 975
974
975
976 982
977
978 988
979
980
981 991
982
983
984
985 986
986
987 996
988 994
989
990
991
992
993
994
995
996
997
998
999
