0 2
0 13
0 11
0 7
0 6
0 14
0 16
0 5
0 1
0 12
1 6
1 17
1 7
1 19
1 8
1 0
1 16
1 9
1 13
1 12
2 11
2 1
2 3
2 16
2 8
2 12
2 0
2 4
2 7
2 6
3 17
3 2
3 12
3 19
3 6
3 9
3 18
3 15
3 13
3 0
4 6
4 12
4 10
4 0
4 15
4 19
4 7
4 3
4 1
4 16
5 2
5 14
5 13
5 6
5 9
5 18
5 12
5 4
5 1
5 0
6 19
6 17
6 16
6 15
6 13
6 5
6 4
6 7
6 9
6 8
7 0
7 9
7 6
7 14
7 13
7 2
7 11
7 15
7 12
7 8
8 0
8 4
8 7
8 17
8 6
8 3
8 13
8 12
8 5
8 9
9 5
9 2
9 17
9 3
9 11
9 14
9 18
9 7
9 6
9 15
10 2
10 4
10 15
10 1
10 3
10 14
10 9
10 18
10 16
10 5
11 17
11 6
11 1
11 13
11 12
11 3
11 0
11 2
11 5
11 10
12 11
12 17
12 4
12 14
12 2
12 1
12 16
12 15
12 13
12 8
13 15
13 17
13 10
13 1
13 19
13 0
13 14
13 4
13 5
13 11
14 8
14 6
14 18
14 2
14 19
14 16
14 1
14 11
14 15
14 3
15 14
15 7
15 17
15 6
15 11
15 2
15 16
15 18
15 5
15 4
16 7
16 17
16 13
16 14
16 3
16 1
16 11
16 18
16 6
16 2
17 18
17 5
17 11
17 1
17 10
17 8
17 15
17 12
17 14
17 0
18 4
18 0
18 17
18 7
18 9
18 15
18 12
18 1
18 3
18 16
19 17
19 9
19 16
19 10
19 12
19 6
19 8
19 15
19 13
19 18
