#d:\GoogleDrive-Behrangaghili1980\01- Personal\03 software engineer\Beheshti University\ترم 2\شبکه_پیچیده_پویا\Exercises\تکلیف 3\Project01-\WattsStrogatz.py
# GMT Tue May  2 18:00:05 2023
# 
0 1 2776 3 4 2773 5 2772 6 2771 16
1 2 3 2776 4 2775 5 2774 2773 7 2772 1971
2 3 4 5 6 2775 7 2774 2773 2493
3 4 5 6 7 2776 8 2775 9 2774 1351
4 5 6 7 8 2776 10 2448 785
5 6 7 8 9 11 811
6 7 8 9 10 11 12
7 8 9 10 11 12 13
8 9 10 11 12 13 14 577
9 10 11 12 13 14 682 1699
10 11 12 14 15 16 583
11 13 14 15 16 17 1999
12 13 14 15 16 17 18 1159 591
13 14 15 16 18 19 1966 1389 2374
14 15 16 17 18 19 56
15 16 17 18 19 20 21
16 17 18 19 20 21 22 60
17 18 19 20 21 22 23 2594
18 19 20 22 24 195 690 590
19 20 21 23 24 25 1227 1293
20 21 23 24 25 26 1522 1075
21 22 23 24 25 26 27 2566
22 23 24 25 26 27 28 2726 466 1645
23 24 25 28 29 1731 1638
24 25 27 28 29 30 1611
25 26 28 29 30 31 2135
26 27 28 29 30 31 32 1260 116 1916
27 29 30 31 32 33 2332 2621
28 29 31 32 33 34 2356
29 30 31 32 33 34 35 1691 1774
30 31 32 33 34 35 36 2128
31 32 33 34 35 36 337 1362
32 33 34 35 36 37 38 881
33 35 37 39 2025 500 2112
34 36 37 38 40 1628 2440 2421 2201
35 36 37 38 39 40 41
36 38 39 40 41 42 2154
37 38 39 40 41 42 43
38 40 41 42 43 44 2510 1038
39 40 41 42 44 45 619
40 41 44 46 2686 2739 1387
41 42 43 44 45 46 47
42 43 44 45 46 47 48
43 44 45 46 47 48 49 1448 2049
44 45 46 47 48 49 788 2165
45 46 47 48 49 50 51
46 47 48 49 51 52 767
47 48 49 50 52 53 307 2372
48 49 50 51 52 53 54 2751
49 50 53 54 55 988 1684 1128
50 51 52 53 54 641 2725 2118
51 52 53 54 55 56 57 1833
52 54 56 57 58 1272 1635
53 54 55 56 57 58 548 2050
54 55 56 57 58 59 60
55 56 57 58 59 60 61
56 57 58 59 60 61 62
57 58 59 61 62 63 1215 2392
58 59 60 61 62 63 64 2758
59 60 61 62 63 64 65
60 61 62 63 65 66
61 62 63 64 65 66 67
62 63 64 65 66 67 1725 666
63 64 65 66 67 68 69 1192
64 65 66 67 68 69 70
65 66 67 68 69 70 71
66 67 68 69 70 71 72 1838
67 68 69 70 71 72 73
68 69 70 71 72 73 74 2096
69 70 71 72 73 1039 1886
70 71 72 73 74 75 76
71 72 73 74 76 77 879 2302
72 73 74 75 76 1611 2075
73 74 75 76 78 79 1603
74 75 76 77 78 79 89 2515
75 76 77 78 79 80 81
76 77 78 79 80 81 82
77 78 79 80 81 82 83
78 79 82 83 908 942 924 1071
79 80 81 82 83 84 85 2430
80 81 82 84 85 86 2649 2599
81 82 83 84 85 86 87 90
82 83 84 85 86 87 88 1936
83 84 85 86 87 88 89
84 85 86 87 88 89 90 1496
85 86 87 88 89 91 1084 1565
86 87 89 90 91 92 1606
87 88 90 91 92 93 1820 261
88 89 90 92 93 94 1577 542 1238 2098 2074
89 90 92 93 94 95
90 91 92 93 94 2678 2504
91 92 94 95 97 1876 1621
92 93 94 95 96 97 98
93 94 95 97 98 99 655 1015
94 95 96 98 99 100 1099
95 96 97 98 99 100 101
96 97 98 99 100 101 102
97 98 99 100 101 102 103
98 99 100 101 102 103 104
99 100 101 104 105 2067 653
100 101 102 103 104 105 106
101 102 103 105 106 107 2462 761
102 103 104 105 106 107 108 235
103 105 106 107 108 109 2719 1668 2588
104 105 106 107 108 109 110
105 106 107 108 109 110 111
106 107 108 109 111 112 2380 1794
107 108 109 110 111 112 113 2379
108 109 110 111 112 113 114
109 110 111 113 115 2194 2631
110 111 112 113 114 115 116 2038
111 112 113 114 115 116 117
112 113 114 115 116 117 118 2034
113 114 115 116 117 118 119
114 115 116 118 119 120 2382 1354 2112
115 116 117 118 119 120 121
116 117 118 120 121 122
117 118 119 120 121 123 2312
118 119 120 121 122 123 268 2057
119 120 121 122 124 125 2627 1023
120 122 123 124 125 126 1072
121 122 123 124 125 126 127 260
122 123 124 125 126 127 128
123 124 126 127 128 129 1316
124 125 127 128 129 130 1238
125 126 129 130 131 830 755 2048
126 127 128 129 130 197 1055 1009
127 129 130 131 132 133 2280 2302 487
128 129 130 131 132 133 134
129 130 132 133 134 135 358 1023
130 131 132 133 134 136 2152
131 132 133 134 135 136 137
132 133 134 135 136 137 138
133 134 135 137 138 139 2411 2169
134 135 136 137 138 139 140
135 136 137 138 139 140 2610
136 137 138 140 142 1745 2286 1534 1809
137 139 140 141 1735 1641 2342
138 139 140 141 142 143 144
139 140 141 142 143 144 891 2421
140 141 142 143 144 145 146 2608
141 142 143 145 147 2228 2134 825 2568
142 143 144 145 146 147 148
143 144 145 146 147 148 149
144 145 146 147 149 150 1411
145 146 147 148 149 150 151
146 147 148 149 150 151 152 2002 2334
147 148 149 150 151 152 153 1928
148 149 150 151 152 154 1765 397
149 150 151 152 153 154 155
150 151 152 153 154 155 156
151 152 153 154 155 156 157
152 153 154 155 156 157 158 1140
153 154 155 156 157 158 159
154 155 156 157 158 159 160 1807
155 156 157 160 161 715 821 229
156 157 159 160 161 162 2730
157 158 159 160 161 162 163
158 159 160 161 162 163 953 1673
159 160 161 162 163 164 165 2064
160 161 162 163 164 165 166 2525
161 162 163 164 165 167 439 1997
162 163 164 165 167 168 1946
163 164 165 166 167 168 169 2409
164 165 166 167 168 170 653 1444 1802
165 166 167 168 169 170 171
166 167 169 171 172 1883 1674 2097
167 168 169 170 172 173 1163
168 169 170 171 172 173 174 1147
169 170 171 172 173 174 175 1751
170 171 172 174 176 1473 1702
171 172 173 174 175 177 1768
172 173 174 175 176 177 178 1094
173 174 175 176 177 178 179 1995 1639
174 175 176 177 178 179 180
175 176 178 179 180 181 1322 1189
176 177 178 179 180 181 182 1442
177 178 179 180 181 183 2246
178 179 181 182 183 184 2536 564
179 181 184 185 1197 2239 2524 1318
180 181 184 185 186 1072 428
181 182 184 185 187 537 1254
182 183 184 185 187 188 1318
183 184 185 186 187 189 1555
184 185 186 187 188 189 190
185 187 188 189 190 191 1678 664
186 187 189 190 191 192 2293
187 188 189 190 191 192 193
188 189 190 191 192 193 194
189 190 191 192 193 194 195
190 191 192 193 195 196 1140
191 192 193 194 195 196 197
192 193 195 196 197 198 1754
193 194 195 196 197 198 199 2609 234
194 195 196 197 198 199 200 2107 231 1370
195 196 197 198 199 200 201
196 197 198 199 200 201 202
197 198 199 202 2037 1557
198 199 200 201 202 203 204 535
199 200 201 202 203 204 205 700 2091
200 203 204 205 206 2657 1906 339
201 202 203 204 205 206 207
202 203 204 205 206 207 208
203 204 205 206 207 208 209
204 205 206 207 208 209 210
205 206 207 208 209 210 1952
206 207 208 209 210 211 434
207 208 209 210 212 213 2257
208 209 210 211 212 214 1353
209 210 211 212 214 2120 1297
210 211 212 213 214 215 216
211 212 213 214 215 217 977 2472
212 213 214 215 216 217 218 1231 1832
213 214 215 216 217 218 219 274 1728
214 215 216 217 218 219 220 1822 2625
215 216 217 218 219 220 221 1702
216 217 218 219 220 221 222 360
217 218 219 220 221 222 223
218 219 220 222 223 224 2252
219 220 221 222 223 224 785 383 1144
220 221 222 223 224 225 226
221 222 223 224 225 226 227
222 223 224 225 226 227 228
223 224 225 226 227 228 229
224 225 226 228 229 230 1899
225 226 227 228 229 230 231
226 227 228 229 230 231 232
227 228 229 230 231 232 233
228 229 230 231 232 233 234
229 231 232 233 234 235 2355 2688
230 231 232 233 234 235 236
231 232 234 235 236 237
232 233 234 235 236 237 238 2730 1947
233 234 235 236 237 238 239
234 235 236 237 238 240
235 236 238 240 241 894
236 237 238 239 240 241 242 725
237 238 239 240 241 243 1634
238 239 240 241 242 243 244
239 240 241 242 243 244 245 1497
240 242 243 244 245 246 798 1381 465
241 242 243 244 245 246 247
242 243 244 246 247 248 861 1949
243 244 245 247 248 249 1836
244 245 246 247 248 249 250
245 246 247 248 249 250 251 1944 728
246 247 249 250 251 252 2708 1774 870 442
247 248 249 250 251 252 253
248 249 250 251 252 253 254 2298
249 250 251 252 253 254 255
250 251 252 253 254 255 256
251 252 253 254 255 257 2656 1779
252 254 255 256 257 258 641 472
253 254 255 256 257 258 259
254 255 256 257 258 259 1678
255 256 257 258 259 260 261 1830
256 257 258 259 260 261 262
257 258 259 260 261 262 263 918 1377
258 259 260 261 262 263 264
259 260 261 262 263 264 265
260 264 265 266 1340 2593 2674
261 262 263 265 266 267
262 264 265 266 267 268 1115 1343
263 264 265 266 267 268 269
264 265 266 267 268 269 1151 2681
265 266 267 268 269 270 271
266 267 268 269 270 271 272
267 268 270 271 272 273 2459 438 483
268 269 270 272 273 274
269 270 271 273 274 275 1074
270 271 273 274 275 276 2428 2522
271 272 273 274 275 276 2751 2736
272 273 275 276 277 2505 737 1276
273 274 275 276 277 278 279
274 275 277 278 279 280
275 277 278 279 281 1388 990 588
276 277 278 279 280 281 282
277 278 279 280 281 282 283 2461
278 279 280 281 282 283 284
279 280 281 282 283 284 285 994
280 281 283 284 286 2567 2464
281 282 283 284 285 286 2152
282 283 284 285 286 288 1493 2425 477
283 284 285 286 287 288 1300 1427
284 285 286 287 288 289 290
285 286 287 288 289 290 1305
286 287 289 290 291 292 2610
287 288 289 290 291 292 293 2040 1688
288 289 290 291 292 294 2710
289 290 291 292 293 294 295 369
290 291 293 294 295 296 949 2160
291 293 294 295 296 297 2170 1785 2213 2514
292 293 295 296 297 298 509 501
293 294 295 297 298 1605 1407 306 1218
294 295 296 300 1851 1565 447
295 296 297 298 299 300 2419
296 297 299 300 301 302 1490
297 298 299 300 302 303 2612 2390 1310
298 299 300 301 302 303 304
299 300 301 302 303 304 305 1160 600
300 301 302 303 304 305 306 586
301 302 303 304 305 306 307 2728 2191
302 303 304 305 306 307 308
303 306 307 308 309 717 1922 2205
304 305 306 308 309 310 920
305 306 307 308 310 311 1547
306 307 308 309 310 311 312 1036
307 308 309 310 311 312 313
308 309 310 311 312 313 926
309 310 311 313 314 315 1911 1307
310 311 312 313 314 315 316 1458 2228 2598
311 312 313 314 315 316 317 1193 703
312 314 315 316 317 574 968 2576
313 315 316 317 318 319 632
314 315 316 317 318 319 320
315 316 317 318 319 320 321 1415 2307
316 317 318 319 320 321 322 2014
317 318 319 320 321 322 323
318 319 320 321 323 324 2397
319 320 321 322 323 324 325 2007
320 321 322 323 325 326 566 1621
321 322 323 324 325 326 327 2186
322 323 324 325 326 327 328
323 324 325 327 328 1249 1410 1669
324 325 326 327 328 330 958
325 326 328 329 330 331 1695 1848
326 327 328 329 330 331 332 794
327 328 329 330 331 333 1680 1920 350
328 329 330 331 332 333 334
329 330 331 332 333 334 335
330 331 333 334 335 336 990 1259
331 332 333 334 335 337 2442 593
332 333 334 335 336 337 338
333 334 335 336 338 339 1384 2727 1716
334 335 336 338 339 340 1026
335 337 338 339 340 341 713
336 337 338 339 340 341 342
337 338 340 341 342 343
338 339 340 341 342 343 344
339 340 341 342 344 345 1544
340 341 342 343 344 345 1197 370 1674
341 342 343 344 345 346 347 2089
342 343 344 345 347 348 2775 413
343 344 348 349 1331 1123 1359 1274
344 345 346 347 348 350 1365 1288 1329
345 346 347 348 349 350 351 2039
346 347 348 349 350 351 352
347 348 349 351 352 353 764
348 349 350 351 352 353 354 1037
349 350 351 352 353 354 355
350 352 353 354 355 356 2458
351 352 353 355 357 971 2368
352 353 354 355 356 358 461 1472 708
353 354 355 356 358 359 2106 723
354 355 356 357 358 359 360 2237
355 356 357 358 359 360 361
356 357 358 359 360 361 1323 1713
357 358 359 360 361 362 363
358 361 362 363 364 1029 1897
359 360 362 363 365 1696 871
360 362 364 2281 1842 2459
361 362 363 364 365 366 367
362 363 364 365 367 368 1788 888
363 364 365 367 369 912 1663 385
364 365 366 367 368 369 370
365 366 367 368 369 370 371
366 367 368 369 370 371 479 2759
367 368 369 370 371 373 2568
368 369 370 372 373 374 2386 560
369 370 372 374 375 774
370 371 373 374 375 376 1730
371 372 373 374 375 376 377
372 373 374 375 377 378 1332
373 374 375 377 378 1769 2458
374 375 376 377 378 379 380
375 376 377 378 381 550 575 1101
376 377 378 379 380 381 382 2706
377 378 379 380 383 1923 493
378 379 380 381 382 383 384 793
379 382 383 384 974 1149 2560
380 381 382 383 384 385 386 2623
381 382 383 384 385 386 387 523
382 383 384 385 386 387 388
383 384 385 386 388 389
384 385 386 388 389 390 2625
385 386 387 388 389 390 2051 2515 697
386 387 388 390 392 2336 898
387 388 389 390 392 393 1363
388 390 391 392 393 394 1996
389 390 391 392 393 394 395
390 391 392 393 394 395 396 417 909 518
391 393 394 395 396 397 1745
392 394 395 396 397 398 2474 1485
393 394 395 396 397 398 399 1289
394 395 397 398 399 2578 1579 867
395 396 397 398 399 400 401
396 397 398 399 400 401 402
397 399 400 401 402 1472
398 399 400 401 402 404 1344 2307
399 400 401 402 403 404 405 590
400 401 402 403 404 405 406 1363
401 402 403 404 405 406 1795 1142 1987 1245 1608
402 403 404 405 406 407 408
403 404 405 406 407 408 409 857
404 405 406 407 408 409 410
405 406 407 408 409 410 411
406 407 408 409 410 411 1348 2180 936
407 408 411 412 413 2582 2547
408 409 410 411 412 413 2412
409 410 411 412 413 414 415 2328 1710
410 411 412 413 414 415 416 2125 2021 2458
411 412 413 414 415 416 417
412 413 414 416 417 418 1916
413 414 415 416 417 418 419
414 416 417 418 419 420 1645
415 416 417 418 419 421 527
416 417 418 419 420 421 422
417 419 420 421 422 423
418 419 420 421 422 423 424 2314 2361
419 420 421 422 423 424 425
420 421 422 423 424 425 426
421 422 423 424 425 426 427
422 423 424 425 426 427 428 783
423 424 425 426 427 428 429
424 425 426 427 429 430 1774
425 426 427 428 429 430 431
426 427 428 429 431 432 1665
427 428 429 430 431 432 433
428 429 430 431 432 433 434 1651
429 430 431 432 433 434 435
430 431 432 433 435 436 1479 928
431 432 433 434 435 436 437
432 433 434 435 436 437 1883 2587
433 434 435 436 437 438 439
434 435 436 437 438 439 440 986
435 436 437 438 440 441 1865
436 437 438 439 440 441 442
437 438 439 441 442 443 1276
438 439 440 441 442 444 533
439 441 442 443 444 445
440 441 442 444 445 446 471 2501 2008
441 442 443 444 445 446 447
442 443 444 445 1373 2641
443 445 446 447 449 776 1988
444 445 447 448 449 450 2003
445 446 447 448 449 450 2302 2323
446 447 448 449 450 451 452
447 448 449 451 452 453 1312
448 449 450 451 452 453 454 2286
449 450 451 452 453 454 455
450 451 452 453 454 455 456
451 452 453 454 455 456 457
452 453 454 455 456 457 458 1109 1345
453 454 455 456 457 458 459
454 455 456 457 458 459 460
455 456 457 458 459 460 461 1683 2495
456 457 458 459 460 462 2452 523
457 458 460 461 462 463 1989 592
458 459 460 461 462 463 464
459 460 461 462 463 464 465 1482 1505
460 461 462 463 466 1339 1354
461 462 463 465 466 2319
462 463 464 465 466 467 468
463 464 465 469 2153 1129 633
464 465 466 467 468 469 470 2504
465 466 468 469 470 471
466 467 469 470 471 472 756 1516
467 468 469 470 471 472 473
468 469 470 471 472 473 474
469 470 471 472 473 474 475
470 471 472 473 474 476 1389
471 472 474 476 477 1873 2233 2754
472 474 475 477 478 2562
473 474 475 476 477 478 479 1582
474 475 476 477 478 479 480 1892
475 476 477 478 479 480 481 2394
476 477 478 479 480 481 482
477 478 479 480 481 483
478 479 480 481 482 483 484 710
479 481 482 483 484 485 2767
480 482 483 484 485 486 1382
481 482 483 484 485 486 487 2139
482 483 484 485 486 488 1294
483 484 486 487 488 1322 937
484 485 486 488 489 490 1103 834
485 486 487 488 489 490 491 2471
486 487 488 489 490 492 586
487 488 489 490 491 492
488 490 491 493 494 2233 1596
489 490 491 492 493 494 495
490 491 492 494 495 496 1874
491 492 494 495 496 2032 2560
492 493 494 496 497 498 1937
493 494 495 497 498 499 1576
494 495 496 497 499 500 2367
495 496 497 498 499 500 501
496 497 499 500 501 502 1285
497 498 499 500 501 502 503
498 499 500 501 502 503 504 1456
499 500 501 502 503 504 505 2424 769
500 501 502 503 504 505 506
501 502 504 506 507 2288 1951
502 503 504 505 506 507 508 1133 2467
503 504 505 506 507 508 1029 2373
504 505 506 507 509 510 1434 1324
505 506 507 508 510 2570 1698
506 507 508 509 510 511 512
507 508 509 510 511 512 513
508 509 510 511 512 513 602 1245
509 510 511 512 513 514 515 656
510 511 512 513 514 515 516
511 512 514 515 516 517 2230
512 513 514 515 516 517 1727 2241
513 514 515 516 517 518 519 1613 2168
514 515 516 517 518 519 520 2525 2445 969 2529
515 516 517 518 519 520 521 1114
516 517 518 519 520 521 522
517 518 519 520 521 522 523 746
518 519 522 523 524 1240
519 520 521 522 523 524 525
520 522 523 524 525 526 2046 1297
521 522 523 524 525 526 527 2691
522 523 524 525 526 527 528
523 524 526 527 528 2009
524 525 526 527 528 529 660 1549
525 526 527 528 529 531 2027
526 527 528 529 530 531 532
527 528 529 530 531 532 533
528 530 531 532 533 534 1110 1922
529 530 531 532 534 535 690
530 531 532 533 534 535 536
531 532 533 534 535 536 537 2437
532 533 535 536 537 538 1649
533 535 536 537 538 539 1957
534 535 536 537 538 539 540 1723
535 536 538 539 540 541
536 537 538 539 541 542 1675 1925 812
537 538 539 540 541 543 979
538 539 540 541 542 543 544
539 540 541 542 543 545 1033 784 2032 2750
540 541 542 543 544 545 546
541 543 544 545 546 547 1059 1868
542 543 545 546 548 2166
543 544 545 546 547 548 549 2209
544 545 546 547 549 1262 588
545 546 547 548 549 550 551
546 547 548 549 550 551 552 733
547 548 549 550 551 552 553
548 549 551 552 553 554
549 550 551 552 553 554 703
550 551 552 553 554 555 556 908 1115
551 552 553 555 556 557 2194
552 553 554 555 556 557 558 1479
553 554 555 556 558 559 1549
554 555 556 557 558 559 1859 714
555 556 557 558 559 560 561
556 558 559 560 561 562 1071
557 558 559 560 561 562 563
558 559 560 561 562 563 564
559 561 562 563 564 565 1691 1667 2367
560 561 562 563 564 565
561 562 563 564 565 566 567
562 563 564 565 566 567 568 2156
563 564 565 566 567 568 2549
564 565 566 567 568 569 1358
565 566 567 568 569 570 571
566 567 568 570 571 572 1051
567 568 569 570 571 572 573
568 569 570 571 572 573 574
569 570 571 572 573 574 575
570 571 572 573 574 575 576 1134 1822
571 572 573 574 575 576 577 2488
572 573 574 575 576 577 578
573 574 575 576 577 578 579 1057
574 575 576 577 578 580 832 2221
575 576 577 579 580 581 1281
576 577 579 580 581 2705 1388 2368
577 578 579 580 582 1228
578 579 580 581 582 583 584
579 581 582 583 584 585 2729
580 581 582 583 584 585 586 1286
581 582 583 584 585 587 1234 2649
582 583 584 585 586 587 588
583 584 585 586 587 588 589
584 585 586 587 588 589 2233
585 586 587 588 590 591 2737 1698 2590
586 587 589 590 591 592 2515
587 588 589 590 591 592 593 1278
588 589 590 591 592 593 791
589 590 591 592 593 594 595
590 592 593 594 595
591 592 593 594 595 596
592 593 594 595 596 597 2086 1844
593 594 595 596 597 598 599
594 595 596 597 598 599 600
595 596 597 598 599 600 601
596 597 598 599 600 601 602
597 598 599 600 602 603 1039 1877
598 599 601 602 603 2681 2331
599 600 601 602 604 1381 825
600 601 602 603 604 605
601 602 603 604 605 606 607
602 603 605 606 607 608
603 604 605 606 607 608 609 1708
604 605 606 607 608 609 610
605 606 607 608 609 610 611 1181 2768
606 607 608 609 610 612 1419 1149
607 608 609 610 611 613 840 2113
608 609 610 612 613 614 1272 676
609 610 611 612 615 910 681 2058
610 611 612 613 614 615 616
611 612 614 615 616 617 1435 2599
612 613 614 615 616 617 618
613 615 616 617 618 619 1724 948 2443
614 615 616 618 619 620 901 914
615 616 617 618 619 620 621 1992 844
616 617 618 619 620 621 622
617 619 620 621 622 623 1915
618 619 620 621 622 623 624
619 620 621 622 623 624 625
620 621 622 623 624 625 626 2069
621 622 623 624 625 626 627
622 623 624 625 627 628 678 1029 1713
623 624 625 626 627 628 629
624 625 626 627 629 630 1095 2422
625 626 627 628 629 630 631 869
626 627 628 629 630 631 632
627 628 629 630 631 632 633
628 629 630 631 632 633 634 1777 2527
629 630 631 632 633 634 635
630 631 632 634 635 636 1344
631 632 633 634 635 636 637
632 634 636 638 2107 1784 1589 1018
633 634 636 637 638 639 1420 928 1399
634 635 636 637 638 639 640 1511
635 636 637 638 639 640 641
636 637 638 639 641 642 1148 1457
637 638 640 641 642 643 2330 1651
638 639 640 641 642 644 1246
639 640 641 642 643 644 645
640 641 642 643 644 645 646 880
641 642 643 644 645 646 647
642 643 644 645 646 647 895
643 644 645 646 648 649 2246
644 645 649 2468 1183 1541 1313 1491
645 646 647 648 649 650 651
646 648 649 650 651 652 1218 1902
647 648 649 650 651 652 653 1628
648 649 650 651 653 654 1842 1347
649 650 651 653 654 655 1154
650 652 653 654 655 656 1762
651 652 653 654 655 657 2774
652 653 654 655 656 657 658 2280
653 654 656 657 658 1712
654 655 656 657 658 659 660
655 656 658 659 660 661 1451 2429
656 657 658 660 661 662 2710 1135 1498
657 658 659 660 661 662 663 1620
658 659 660 661 662 664 2270 1031
659 660 661 662 663 664 665 2727
660 661 662 665 666 762
661 662 663 664 665 666 667
662 663 664 667 668 2723 2012
663 664 665 666 667 668 669 2483
664 665 666 667 668 669 1524
665 666 667 668 669 671 1975 891
666 668 669 670 671 672 2549
667 668 669 671 672 673 2488 859
668 669 670 671 672 673 674 1730
669 670 671 672 673 674 1703
670 671 672 673 674 675 676
671 672 674 675 676 677 2105 1234
672 673 674 676 677 678 1476
673 674 675 676 677 678 679
674 675 677 678 679 680 2399 2215 1017
675 678 679 680 681 1488 1380
676 677 678 679 680 681 682
677 678 680 681 683 1353 751
678 681 682 683 684 1736
679 680 681 682 683 684 685
680 681 682 683 684 685 686 2150
681 682 683 684 685 686 687 692 2256 1094
682 684 685 686 687 688
683 684 685 686 687 688 689
684 685 686 687 688 689 690 2481
685 686 687 688 689 690 691 1317
686 687 688 689 690 691 692
687 688 689 690 691 692 693 2158
688 689 691 692 693 694 2312 1742
689 690 691 692 694 695 2540
690 691 692 693 694 695 696 2105 2046
691 692 693 695 696 697 2073 2142
692 693 694 695 697 698 1774
693 694 695 696 697 698 699
694 695 696 697 698 699 700
695 696 697 698 699 700 701 996
696 697 698 699 700 701 702 1388
697 698 699 701 1894 1796
698 699 700 701 702 703 704 1960
699 700 701 702 703 704 705 1703
700 701 702 704 705 706 2358
701 702 703 704 705 706 707
702 703 704 705 706 708 1725 2626
703 705 706 707 708 2519
704 706 707 708 709 710 2255
705 706 707 708 709 710 711
706 707 708 709 711 712 1894 1890
707 708 709 711 712 713 1379 2341 1602
708 709 710 711 712 714 2158 2135
709 710 711 713 714 715 1359
710 712 713 714 715 716 1858
711 712 713 714 715 717 1610 729
712 713 714 715 716 717 718
713 716 717 718 719 2148 1302
714 715 716 717 718 719 720
715 718 719 720 721 2691
716 717 718 719 720 721 722
717 718 719 720 721 722 723
718 719 720 721 722 723 724
719 720 721 722 724 725 792
720 721 722 723 724 725 726 945
721 722 723 724 725 726 727 1252
722 723 724 725 726 727 728
723 724 726 727 728 729 1617
724 725 726 727 728 729 1565 971
725 726 727 728 730 731
726 727 728 729 731 732 1338
727 728 729 730 731 732 733 1711
728 729 730 731 732 733 1001
729 730 731 732 733 734 735
730 731 732 733 734 735 736
731 732 733 735 736 737 1141
732 733 734 735 736 737 738
733 734 735 737 2711 2767 1336 2618
734 735 736 738 739 1422 1900
735 736 737 738 739 740 741 2061
736 737 738 739 741 742 1957
737 738 739 743 925 1159 829
738 739 740 742 743 744 2402
739 740 741 742 743 744 745
740 742 743 744 745 746 2460
741 742 743 744 745 746 747
742 743 744 745 746 747 748 2306
743 744 745 747 748 749 2065 1586
744 745 746 747 748 749 750
745 746 747 748 749 750 1423
746 747 748 749 750 751
747 748 749 750 751 752 753
748 749 750 751 752 753 754
749 750 751 752 753 754 755
750 752 753 754 755 756 1679
751 752 753 754 755 756 757 1763 1248
752 753 754 755 756 757 758
753 754 755 756 757 758 759
754 756 757 758 759 760 1745 1689 2261
755 757 758 759 760 761 2010
756 758 760 761 762 2111
757 758 759 761 762 763 1246
758 759 760 761 762 764 804
759 760 761 763 764 765 2617 2715 1448
760 761 762 763 764 765 766
761 762 763 765 766 767 1963
762 763 764 765 767 768 1843
763 764 765 766 767 768 2167
764 765 766 767 768 769 770
765 767 768 769 770 771 2040
766 767 768 770 771 898 2225
767 768 769 770 771 772 773
768 769 770 772 773 774 2642 1556
769 770 771 772 773 775
770 771 772 773 774 775 776
771 772 773 774 775 776 777
772 773 774 775 776 777 778 1724
773 774 775 776 777 778 779 2253
774 775 776 777 779 780 2325 1702
775 776 777 778 779 780 781
776 777 779 780 781 782 988 996
777 778 779 780 781 782 783
778 779 781 782 783 784 2538
779 780 782 783 1470 1535 2434
780 781 782 783 784 785 786
781 782 783 784 785 787 2410
782 783 784 785 786 787 788
783 784 785 787 788 789 804
784 785 786 787 789 2166 2231 2688
785 786 787 789 790 791
786 787 789 790 791 2444 1689
787 788 789 790 791 792 793 1024
788 789 790 791 792 794 2486
789 790 791 792 793 795 2049
790 791 792 793 794 795 816
791 792 793 795 796 1030 1380 1453
792 793 794 795 796 797 798
793 794 795 796 797 798 1042
794 796 797 799 800 805 1986
795 796 797 798 799 800 801
796 797 798 799 800 801 802
797 798 799 801 802 803 1486 2028
798 799 800 801 802 803 804
799 800 801 802 803 804 805 1043
800 801 802 803 804 805 806
801 802 803 804 806 807 974 1997
802 803 804 805 806 807 808
803 804 805 806 807 808 2471
804 805 806 807 809 810 2742
805 806 807 808 809 810 811 1073
806 807 810 811 812 2539 1671
807 808 809 810 811 812 813
808 809 810 811 812 813 814 2759
809 811 812 813 814 1354 2330 1618
810 811 812 814 815 816 2595 1958
811 812 813 814 815 816 1018
812 813 814 815 817 818 925
813 815 816 817 818 819 1591
814 816 817 818 819 820 2086
815 816 817 818 819 820 821
816 817 818 819 820 821 822
817 818 819 820 821 822 823 2018
818 819 820 822 823 824 1245 932 2079
819 820 822 823 824 825 1172
820 821 822 823 824 825 826
821 822 823 824 825 826 827
822 823 824 825 826 827 828 1591
823 824 825 826 827 828 829 1597
824 825 826 827 828 829 830
825 826 827 828 829 831 1230
826 827 828 829 831 832 1520
827 828 829 830 831 832 833
828 829 830 831 832 833 834 2744
829 830 831 832 833 834 835 2051
830 831 832 833 834 835 836 2074
831 832 833 834 835 836 837 1049
832 834 835 836 837 838 1802
833 834 835 836 837 838 839
834 835 838 839 1676 927
835 836 837 838 839 840 841
836 837 838 839 840 841 842
837 838 839 840 841 842 843
838 839 840 842 843 844 1222 1422
839 840 841 842 843 844 845
840 841 842 844 846 1747
841 842 844 845 846 847 2214
842 843 844 845 846 847 848
843 844 845 846 847 848 849 2407
844 846 847 849 850 2026 1364
845 846 847 848 850 851 1285 2024
846 847 848 850 851 852 1250 2418
847 848 849 850 851 853 2619
848 849 850 851 852 853 2714
849 850 851 852 853 854 855
850 851 852 853 854 855 856 2389
851 852 854 855 856 857 971
852 853 854 855 856 857 858
853 854 855 856 857 858 859 1499
854 855 856 857 858 859 860
855 856 857 858 859 860 861
856 857 858 859 861 862 1667
857 858 861 862 863 2316 1206
858 859 860 861 862 863 1603
859 860 861 862 863 864
860 861 862 863 864 865 866 2157
861 862 863 864 865 867 2288
862 863 865 866 867 868 1285
863 864 865 866 867 868 869 2350 2320
864 865 866 868 869 870 2076 1598
865 866 867 868 869 870 871 1877
866 867 868 869 871 872 2379 1994
867 868 869 870 871 873 2336
868 869 870 871 872 873 874 1366
869 870 871 872 873 874 2143
870 871 872 873 875 876
871 872 873 874 875 876 877
872 873 874 875 878 1395 1492
873 874 875 876 877 878 879 1574
874 875 876 877 878 879 880
875 876 877 878 879 880 881
876 877 878 879 880 881 882
877 878 879 880 881 882 883
878 879 881 882 883 884 2399
879 881 883 884 885 1506 2519 2705
880 882 883 884 885 886
881 882 883 884 885 886
882 884 885 886 887 888 1632 1528
883 884 885 886 887 888 889 946
884 885 886 887 888 889 890
885 886 887 888 889 890 891 1603
886 888 889 890 891 892 1571
887 888 889 890 891 892 893
888 889 890 891 893 894 958
889 890 891 892 893 894 895 1327
890 891 892 893 894 895 896
891 892 894 895 897 2474
892 893 894 895 896 897 898
893 894 895 896 897 898 899
894 895 896 897 898 899 900
895 896 897 898 899 900 901
896 897 899 900 901 902 1687
897 898 899 900 901 902 903
898 899 900 901 902 904 2592
899 900 901 902 903 904 905 2295
900 901 902 903 904 905 906
901 902 903 904 906 907 2123
902 903 904 906 907 908 1798 2408
903 905 906 907 908 909 1902
904 905 906 907 908 909 2562
905 906 907 908 909 910 911
906 907 908 909 910 911 912
907 908 909 910 911 912 913
908 909 910 913 914 2192
909 911 912 913 914 915
910 911 912 913 914 915 916
911 912 913 915 916 917 1517
912 913 914 915 916 917 918 2451
913 914 915 916 917 918 919 1812
914 915 916 917 918 919
915 916 917 919 920 921 2193 2224
916 917 919 920 921 922 1043
917 918 919 920 921 922 923
918 919 921 923 924 2251
919 920 922 923 924 925 1263
920 921 922 923 924 925 926
921 922 923 924 925 926 927
922 923 924 925 926 927 928
923 924 926 927 928 929 1006 1756
924 925 928 929 930 1001
925 927 928 929 930 931
926 927 928 929 930 931 932 1107
927 928 929 930 931 932 933
928 929 930 931 932 934
929 930 931 932 933 934 935
930 931 932 933 934 935 936
931 933 934 935 936 937 2419
932 933 934 936 937 938 1650
933 934 935 936 937 938 939 2192
934 935 936 937 938 939 940
935 936 937 938 939 940 941 1597 1672
936 937 938 939 940 941 942 2548
937 938 939 940 941 942 943 1750 2109 1901 2450
938 939 940 941 942 943 944
939 940 941 943 944 945 2343
940 941 942 943 944 945 946 2740
941 942 943 944 945 946 947
942 943 944 945 946 947 948
943 944 945 946 947 948 949
944 945 946 947 948 950 1182
945 946 948 949 950 951 1490
946 947 948 949 950 951 1748
947 948 949 950 951 952 953
948 950 951 952 953 954
949 950 951 952 953 954 955
950 951 952 953 954 955 956 1460
951 954 955 956 957 1687 2742
952 953 954 955 956 958 1391 1690
953 955 956 957 958 959
954 955 956 957 958 959 960
955 956 957 958 959 960 961
956 957 959 960 1214 1751 1407
957 958 959 960 961 962 963
958 959 960 961 963 964
959 960 961 962 963 964 965 2362
960 961 963 964 965 966 2259 999
961 962 963 964 965 966 967
962 963 964 965 966 967 968
963 965 966 967 968 969 1907
964 965 966 967 968 969 970 1051
965 966 967 968 969 970 971
966 967 968 969 970 971 972 2093 2281
967 968 969 970 971 972 973 1632 1230
968 969 970 972 973 974
969 971 972 973 974 2393
970 971 972 973 974 975 976 1371
971 972 973 975 976 977 1341
972 973 975 976 978 2168 2730 2757
973 974 975 976 978 979 1994
974 976 977 978 979 980 2743
975 976 977 978 979 980 981 2304
976 977 978 979 980 981 982 1847
977 978 979 980 982 983
978 979 980 982 983 1750 1899
979 980 981 982 983 984 985 1453
980 981 982 983 984 986 1570
981 982 983 984 985 986 987
982 984 985 986 987 988 2434
983 984 985 987 988 989 1195
984 985 986 987 988 989 990
985 986 987 988 989 990 2617 1712
986 988 989 990 991 992
987 988 989 991 992 993 2719
988 990 991 992 993 994 1579
989 990 991 992 993 994 995 1383 2201
990 991 992 993 995 996
991 992 993 994 995 996 997 1069
992 993 994 995 996 997 998
993 994 995 996 997 998 999 2709
994 995 996 998 999 1000 2748 2099
995 996 997 998 999 1000 1001
996 997 998 999 1000
997 998 999 1000 1001 1002 1003
998 999 1000 1001 1002 1003 1004
999 1000 1003 1004 1005 1722 1850
1000 1001 1002 1003 1004 1005 1006
1001 1002 1004 1005 1006 1007
1002 1003 1004 1006 1007 1008 2488 2001
1003 1004 1005 1006 1007 1008 1009 1284
1004 1005 1006 1007 1008 1009 1010
1005 1006 1007 1008 1009 1010 1011 1734
1006 1008 1009 1010 1011 1012
1007 1008 1009 1011 1012 1013 2730 2735
1008 1009 1010 1011 1012 1013 1014
1009 1010 1011 1012 1013 1014 1015
1010 1011 1012 1013 1014 1015 1016 2523
1011 1012 1013 1014 1015 1016 1017 1425
1012 1013 1014 1015 1016 1017 1018
1013 1014 1015 1017 1018 1019 1932 1525
1014 1015 1016 1018 1019 1020 1917
1015 1017 1018 1019 1021 2397
1016 1017 1018 1019 1020 1022 2739
1017 1018 1019 1020 1021 1022 2422
1018 1019 1020 1021 1022 1023 1294
1019 1020 1021 1022 1023 1024 1025
1020 1021 1022 1023 1024 1025 1026 2231
1021 1022 1023 1024 1025 1026 1027
1022 1023 1024 1025 1026 1027 1028
1023 1024 1026 1028 1029 1225
1024 1026 1027 1028 1030 2197
1025 1026 1027 1028 1029 1030 1031 2566
1026 1027 1028 1029 1031 1032 1035 1568
1027 1029 1030 1031 1032 1033 2087
1028 1029 1030 1031 1032 1033 1034 2002
1029 1031 1032 1033 1035
1030 1031 1032 1033 1034 1035 1036
1031 1033 1034 1035 1036 1037 1620
1032 1033 1034 1035 1036 1037 1038
1033 1034 1035 1037 1038 1039
1034 1035 1036 1037 1038 1039 1327
1035 1036 1037 1038 1039 1040 1041
1036 1037 1038 1041 1042 2487
1037 1038 1039 1040 1041 1042
1038 1039 1041 1042 1043 1044
1039 1040 1041 1042 1043 1044 1045
1040 1041 1042 1043 1044 1045 1046
1041 1043 1044 1045 1046 1047 1772 2397
1042 1043 1044 1045 1046 1047
1043 1044 1045 1046 1048 1049
1044 1045 1046 1047 1048 1049 1050
1045 1046 1048 1049 1050 1051 1570
1046 1047 1048 1049 1050 1051 1052
1047 1049 1050 1051 1052 1053 1855
1048 1049 1050 1051 1052 1053 1054
1049 1050 1052 1053 1054 1055 2315 2416 2410 2138
1050 1051 1052 1053 1054 1055 1056
1051 1052 1053 1055 1056 1057
1052 1053 1054 1055 1056 1058 2062
1053 1054 1055 1056 1057 1058 1059
1054 1055 1056 1057 1058 1059 1060 1114
1055 1056 1057 1058 1059 1060 2599
1056 1057 1058 1059 1060 1061 1062
1057 1058 1059 1060 1061 1063 1828
1058 1059 1060 1061 1062 1063 1064
1059 1060 1061 1062 1063 1064 1065
1060 1061 1062 1063 1064 1065 1066
1061 1062 1063 1064 1065 1066 1067 2402
1062 1063 1064 1065 1066 1067 2150
1063 1064 1065 1066 1067 1068 1069
1064 1065 1066 1067 1068 1069 1070
1065 1066 1067 1068 1069 1070 1071
1066 1067 1068 1069 1070 1071 1072 2036
1067 1068 1069 1070 1071 1072 1073 1278 1789
1068 1069 1070 1071 1072 1073 1074 2117
1069 1070 1071 1072 1074 1075
1070 1071 1072 1073 1074 1075 1076
1071 1072 1074 1075 1076 1077 2298 1696
1072 1073 1074 1076 1077 1078 1110
1073 1074 1077 1078 1079 1716
1074 1075 1076 1077 1078 1079 1080
1075 1076 1077 1078 1080 1081
1076 1077 1078 1079 1080 1082 2155
1077 1078 1079 1080 1081 1082 1083
1078 1079 1080 1081 1082 1577 2556 1909
1079 1080 1081 1082 1083 1084 1085
1080 1081 1082 1083 1084 1086 1279
1081 1082 1083 1084 1085 1086 1087
1082 1083 1084 1085 1086 1088 1504
1083 1084 1085 1086 1087 1088 1089 1906
1084 1085 1086 1087 1088 1089 1090
1085 1086 1087 1088 1089 1090 1091 2021 2240
1086 1087 1088 1090 1091 1092 2318
1087 1088 1089 1090 1091 1092 1093 2106 2348
1088 1089 1090 1091 1092 1093 1094
1089 1090 1091 1092 1093 1094 1095
1090 1091 1093 1094 1095 1096 1490
1091 1092 1093 1094 1095 1096 1097 2072
1092 1093 1094 1095 1096 1097 1098
1093 1094 1095 1096 1097 1098 1099
1094 1095 1097 1098 1099 2102
1095 1096 1099 1100 1101 1301
1096 1097 1098 1099 1100 1102 1687 2085
1097 1098 1099 1100 1101 1102 1103
1098 1099 1100 1101 1102 1103 1104
1099 1101 1102 1103 1104 1105 1951
1100 1101 1102 1103 1105 1106 2423 2491
1101 1102 1103 1104 1105 1107
1102 1103 1104 1105 1106 1107 1108
1103 1104 1105 1106 1107 1109 2434
1104 1105 1107 1108 1109 1110 1117
1105 1106 1107 1108 1109 1110 1111
1106 1107 1108 1109 1110 1111 1112 1396 2140
1107 1108 1109 1111 2485 1562
1108 1109 1110 1111 1112 1113 1114
1109 1111 1112 1113 1114 1115
1110 1111 1112 1113 1114 1115 2773 2243 2430
1111 1112 1113 1114 1116 1117 2265 2392
1112 1113 1114 1116 1117 1118 1430
1113 1114 1115 1116 1117 1119 1176
1114 1115 1116 1118 1525
1115 1116 1117 1118 1120 1121
1116 1117 1118 1119 1121 1122 2006
1117 1118 1119 1120 1121 1122 1123 2604 1193
1118 1119 1120 1121 1122 1123 1124
1119 1120 1121 1122 1123 1124 1125
1120 1121 1122 1123 1124 1125 1126
1121 1122 1123 1124 1125 1126 1127
1122 1123 1124 1125 1126 1127 1128
1123 1124 1125 1126 1127 1128 1129
1124 1125 1126 1127 1128 1129 1130 2270 2349
1125 1126 1127 1128 1129 1130 1131
1126 1127 1128 1129 1130 1132 1683
1127 1128 1129 1130 1131 1132 1133
1128 1129 1130 1131 1132 1133
1129 1130 1131 1132 1133 1134 1135
1130 1131 1132 1133 1134 1135 1136
1131 1133 1134 1135 1136 1137 1687
1132 1133 1134 1135 1136 1137 1138
1133 1134 1135 1136 1137 1138
1134 1135 1137 1138 1139 1140
1135 1136 1137 1140 1141 2514
1136 1137 1138 1140 1141 1142 2119 2012
1137 1138 1140 1141 1142 1143 2400
1138 1139 1140 1141 1142 1143 1144
1139 1140 1141 1142 1143 1144 1145
1140 1141 1142 1143 1144 1145
1141 1142 1143 1144 1145 1146 1147
1142 1143 1144 1147 1148 1230
1143 1144 1145 1146 1147 1148 1149
1144 1145 1146 1147 1148 1149 2271
1145 1146 1147 1148 1149 1150 1151
1146 1147 1148 1150 1151 1152 1599 1440
1147 1148 1149 1150 1152 1153
1148 1149 1150 1151 1152 1153 1154
1149 1150 1151 1152 1153 1154 1155
1150 1152 1153 1154 1155 1156 2407 1763
1151 1152 1153 1154 1155 1157
1152 1153 1154 1155 1156 1157 1158 2237
1153 1154 1155 1156 1157 1158 1159
1154 1155 1156 1157 1159 1160 1804
1155 1156 1157 1158 1159 1160 1161
1156 1158 1159 1160 1161 1162 2372
1157 1158 1159 1160 1161 1162 1163
1158 1159 1160 1161 1162 1163 1164
1159 1160 1161 1162 1164 1165
1160 1161 1163 1164 1165 1166 1592 2452
1161 1162 1164 1165 1166 1167 2441
1162 1163 1164 1165 1166 1167 1168
1163 1164 1165 1166 1167 1168 1169
1164 1165 1166 1167 1169 1170 2233
1165 1166 1167 1168 1169 1170 1171 1183
1166 1167 1168 1169 1170 1171 1172 1440
1167 1168 1169 1170 1171 1172 1173
1168 1169 1170 1171 1172 1173 1174
1169 1170 1171 1172 1174 1175 1918
1170 1171 1172 1173 1174 1175 1176
1171 1172 1173 1174 1175 1176 1177
1172 1174 1175 1176 1177 1178 1441
1173 1174 1175 1176 1177 1178 1179 1903 1253
1174 1175 1176 1177 1178 1179 1180
1175 1176 1177 1178 1179 1180 1181
1176 1177 1178 1179 1180 1181 1182
1177 1178 1179 1180 1181 1182 1183 1258 1321
1178 1179 1180 1181 1182 1183 1184
1179 1180 1181 1182 1183 1184 1185
1180 1181 1182 1183 1184 1185 1186
1181 1182 1183 1184 1185 1187 1637
1182 1183 1184 1185 1186 1187 1188 2327
1183 1186 1187 1188 1189
1184 1185 1186 1187 1188 1189 1190
1185 1187 1188 1189 1190 1191 1370
1186 1187 1188 1189 1190 1192 2291
1187 1188 1189 1190 1191 1192 1193 2476
1188 1189 1190 1191 1193 1194 2116
1189 1190 1191 1192 1193 1194 2588
1190 1191 1192 1193 1194 1195 1196
1191 1192 1193 1194 1195 1196 1197 2613 2673 1706
1192 1193 1194 1195 1196 1198
1193 1194 1195 1197 1199 2431
1194 1196 1197 1198 1199 1200 2672
1195 1196 1197 1198 1199 1200 1201 2524
1196 1197 1198 1199 1200 1201 1202
1197 1199 1200 1201 1202 1203
1198 1199 1200 1201 1202 1203 2773
1199 1201 1202 1203 1204 1205 1713
1200 1201 1202 1203 1204 1205 1206 1963
1201 1202 1203 1204 1205 1206 1207
1202 1203 1204 1205 1206 1207 1208 2702
1203 1204 1205 1206 1207 1208 1209 2395
1204 1205 1206 1207 1208 1209 1210
1205 1206 1207 1208 1209 1210 1211
1206 1207 1208 1210 1212 1799
1207 1208 1209 1210 1211 1212 1213
1208 1209 1210 1211 1212 1213 2431
1209 1210 1211 1212 1213 1214 1215
1210 1211 1212 1213 1214 1215 1216
1211 1212 1213 1214 1215 1216 1217
1212 1213 1214 1215 1216 1217 1218 2542
1213 1214 1215 1216 1217 1218 1219
1214 1216 1217 1218 1219 1220 1365
1215 1217 1218 1219 1220 1221
1216 1217 1218 1219 1220 1221 1222
1217 1219 1220 1222 1223 2474 2698 1590
1218 1219 1220 1221 1222 1223 1265 2616 2232
1219 1220 1221 1223 1224 1225 1309 2160 2539
1220 1221 1222 1223 1224 1225 1226 2541
1221 1222 1223 1224 1225 1226 1227
1222 1223 1224 1226 1227 1228 2498
1223 1224 1225 1226 1227 1228 1229 1912
1224 1225 1226 1227 1228 1229 1230
1225 1226 1228 1229 1230 1231 2711
1226 1227 1228 1229 1230 1231 2497
1227 1228 1229 1230 1231 1232 2390
1228 1229 1230 1231 1232 1233 1234
1229 1230 1231 1232 1233 1234 1235
1230 1231 1232 1233 1234
1231 1232 1234 1235 1236 1237
1232 1233 1234 1235 1236 1237 1238
1233 1234 1235 1236 1237 1238 1239 2776
1234 1235 1236 1238 1239 1240
1235 1236 1237 1238 1239 1240 1241
1236 1237 1238 1239 1240 1241 1242
1237 1238 1239 1240 1241 1242 1243 2514
1238 1239 1241 1242 1243 1244
1239 1240 1241 1242 1244 1245 1543
1240 1241 1242 1243 1244 1245 1246
1241 1242 1243 1245 1246 1247 1960 1577
1242 1243 1244 1245 1246 1247 1248 1440
1243 1244 1245 1246 1247 1248 1249
1244 1245 1247 1248 1250 2759 2249
1245 1246 1248 1249 1251
1246 1247 1249 1250 1251 1252 2114 1380
1247 1248 1249 1250 1251 1252 1253
1248 1249 1250 1251 1252 1254
1249 1250 1252 1253 1254 1255
1250 1252 1253 1254 1255 1256
1251 1252 1253 1254 1255 1256 1257
1252 1253 1254 1255 1257 1258
1253 1254 1255 1256 1258 2152
1254 1255 1256 1257 1258 1259 1260
1255 1257 1258 1259 1260 1261 2557 1939
1256 1257 1259 1260 1261 1262 2298
1257 1259 1261 1262 1263 2561 1664
1258 1259 1261 1262 1263 1440 2705
1259 1260 1261 1262 1264 1265 2439
1260 1261 1263 1264 1265 1266
1261 1262 1263 1264 1265 1266 1267 2174
1262 1263 1264 1265 1266 1267 1268
1263 1264 1265 1266 1267 1268 1269
1264 1265 1266 1267 1268 1269 1270
1265 1267 1268 1269 1270 1271
1266 1267 1268 1269 1270 1271 1272 2216
1267 1268 1269 1270 1271 1272 1273
1268 1269 1270 1271 1272 1273 1274
1269 1271 1272 1273 1274 1275 2275 2773 2389
1270 1271 1272 1273 1274 1275 1276
1271 1272 1273 1274 1275 1276 1625
1272 1273 1275 1276 1277 1278 1792
1273 1274 1276 1277 1278 2658 2441
1274 1275 1276 1277 1278 1279 1442
1275 1276 1277 1278 1279 1280 1281
1276 1277 1278 1279 1280 1281 1282
1277 1278 1279 1280 1281 1282 1283
1278 1280 1281 1282 1283
1279 1280 1281 1282 1283 1284 1285 2253
1280 1281 1282 1283 1284 1285 1286
1281 1282 1283 1284 1285 1286 1287
1282 1283 1284 1285 1286 1287 1288
1283 1284 1285 1286 1287 1288 1289
1284 1285 1286 1287 1288 1290
1285 1287 1288 1289 1290 1291
1286 1287 1288 1289 1290 1291
1287 1288 1289 1290 1291 1292 1293
1288 1290 1291 1292 1293 1294 2241
1289 1291 1292 1293 1294 1295
1290 1292 1293 1294 1296 1595 2412
1291 1292 1293 1294 1295 1296 1297
1292 1293 1294 1295 1296 1297 1298
1293 1294 1295 1296 1297 1299
1294 1295 1296 1297 1298 1299 1300
1295 1296 1297 1298 1299 1300 1301
1296 1298 1299 1300 1301 1302 2451
1297 1299 1300 1301 1302 1303
1298 1299 1300 1301 1302 1303 1304
1299 1301 1302 1303 1304 1305 2474
1300 1302 1303 1304 1305 1306
1301 1302 1303 1304 1305 1306 1307
1302 1303 1304 1305 1306 1307 1308
1303 1304 1305 1306 1307 1308 1309
1304 1305 1306 1307 1308 1309 1310 2597
1305 1306 1307 1308 1309 1310 1311 1810
1306 1307 1308 1309 1310 1311 1312 1420
1307 1308 1309 1311 1312 1313
1308 1309 1310 1311 1312 1313 1829
1309 1310 1312 1313 1314 2071 2285
1310 1311 1313 1315 1316 2327
1311 1312 1313 1314 1315 1316 1317
1312 1313 1314 1316 1317 1318 1979 2574 1657 2695
1313 1314 1315 1317 1318 1319 1805
1314 1315 1316 1317 1318 1319 1320
1315 1316 1317 1318 1319 1320 1321
1316 1317 1318 1319 1320 1321 1322 1479
1317 1319 1320 1321 1322 1323
1318 1319 1320 1321 1322 1323 1324 1597
1319 1320 1321 1322 1323 1324 1325
1320 1321 1322 1323 1324 1325 1326
1321 1322 1323 1324 1326 1327
1322 1325 1326 1327 1328 2411 1696
1323 1324 1326 1327 1328 1329 2458
1324 1325 1326 1327 1328 1329 1330
1325 1326 1327 1328 1329 1330 1331
1326 1327 1328 1329 1331 1332 2351 1394
1327 1328 1329 1330 1331 1333 1726
1328 1329 1330 1331 1332 1333 1334
1329 1330 1331 1332 1333 1334
1330 1331 1333 1334 1335 1336 1405 2756
1331 1332 1333 1334 1336 1337 2244
1332 1334 1335 1336 1337 1338 1364
1333 1334 1335 1336 1337 1338 1339 2668
1334 1335 1336 1337 1338 1339 1340
1335 1336 1337 1338 1339 1340 1341 2297
1336 1337 1338 1340 1341 1342
1337 1338 1339 1340 1341 1342 1343
1338 1339 1340 1341 1342 1343 1344
1339 1340 1341 1342 1343 1344 1345 1967
1340 1342 1343 1344 1345 1614 1466 2440
1341 1342 1343 1344 1345 1346 1347 2234
1342 1343 1344 1345 1346 1347 1348
1343 1345 1346 1347 1348 2206
1344 1345 1346 1348 1349 1350
1345 1346 1347 1348 1349 1350 2690
1346 1347 1348 1349 1350 1351 1352
1347 1348 1349 1350 1352 1353
1348 1349 1350 1351 1353 1354
1349 1350 1351 1353 1354 1355 2686
1350 1351 1352 1353 1354 1355 1356
1351 1352 1353 1355 1356 1357
1352 1353 1354 1355 1356 1357 1358 1624
1353 1354 1355 1356 1357 1358 1359
1354 1355 1356 1358 1359 1360
1355 1356 1357 1358 1359 1360 1361
1356 1357 1358 1359 1360 1361 1362
1357 1358 1359 1360 1361 1362 1363
1358 1359 1361 1362 1363 1364
1359 1360 1361 1363 1364 1365
1360 1361 1362 1363 1364 1365 1366
1361 1362 1363 1364 1365 1366 1367
1362 1364 1365 1366 1367 1368 1423
1363 1365 1366 1367 1368 1369 2445 2589
1364 1365 1366 1367 1368 1370
1365 1366 1368 1369 1370 1371 1474 2440
1366 1367 1368 1369 1370 1371
1367 1368 1369 1370 1371 1372 1373
1368 1369 1370 1371 1372 1373 1374 1823
1369 1370 1371 1372 1373 1374 1375
1370 1371 1373 1374 1375 1376
1371 1372 1374 1375 1376 1377 1982
1372 1373 1375 1376 1378 1979 1874 2744
1373 1374 1375 1376 1377 1378 1946 2269
1374 1375 1376 1377 1378 1379 1380
1375 1376 1377 1378 1379 1380 1381 1517 1973
1376 1378 1379 1380 1381 1382 2583
1377 1381 1383 1535 2774 2516 1392
1378 1379 1380 1381 1382 1383 1384
1379 1381 1382 1383 1384 2066
1380 1381 1382 1383 1384
1381 1383 1384 1385 1386 1387
1382 1383 1384 1385 1386 1387 1388
1383 1385 1386 1387 1388 2749
1384 1386 1388 1389 1390 2182
1385 1386 1387 1388 1389 1390 1391
1386 1387 1388 1389 1390 1391 1392
1387 1388 1389 1390 1391 1393 1866 2595
1388 1389 1391 1392 1394
1389 1390 1391 1393 1394 1395
1390 1391 1392 1394 1395 1396 2214
1391 1392 1393 1396 1397 2417 1613
1392 1393 1394 1396 1398 2235 1745
1393 1394 1395 1396 1397 1398 1399
1394 1395 1396 1397 1398 1399 1400
1395 1396 1397 1398 1399 1400 1401
1396 1397 1399 1400 1401 1402 2211
1397 1398 1399 1400 1401 1402 1403
1398 1399 1400 1401 1402 1403 1404
1399 1401 1402 1403 1405 1473
1400 1401 1402 1403 1404 1405 2529
1401 1402 1403 1404 1405 1406 1407
1402 1404 1405 1406 1407 1408 1664
1403 1405 1406 1407 1408 1409 1473
1404 1405 1406 1407 1408 1409 1410
1405 1406 1407 1408 1409 1410 1411
1406 1407 1408 1409 1410 1411 1412
1407 1408 1409 1411 1413 1699
1408 1409 1410 1411 1412 1413 1414
1409 1410 1411 1412 1413 1414 1415 2472
1410 1411 1412 1413 1414 1415 1416 2776
1411 1412 1413 1414 1415 1416 1417
1412 1413 1414 1415 1416 1417 1418 2530
1413 1414 1415 1416 1417 1418 1419
1414 1415 1416 1417 1418 1419 1420
1415 1416 1417 1418 1420 1421
1416 1417 1418 1419 1421 1422 2363 2318
1417 1418 1419 1420 1421 1422 1423 2349
1418 1419 1420 1421 1423 1424 1973
1419 1420 1422 1423 1424 1425
1420 1421 1422 1424 1425 1426
1421 1422 1423 1424 1425 1426 1427
1422 1423 1424 1425 1427 1442
1423 1424 1425 1426 1427 1428 1429
1424 1425 1426 1428 1429 1430 2180
1425 1426 1427 1429 1430 1431 1850
1426 1427 1430 1431 1432 2024 1833
1427 1428 1429 1430 1431 1433 2533 1560
1428 1429 1430 1431 1432 1433 1434 2337
1429 1430 1431 1432 1433 1434 1435
1430 1431 1432 1433 1434 1435 1436
1431 1432 1433 1434 1435 1436 1437
1432 1433 1434 1435 1436 1437 1438 2304 1942
1433 1434 1435 1436 1437 1438 1439
1434 1435 1436 1438 1439 1440 2238
1435 1436 1437 1438 1440 1441 2443
1436 1437 1438 1439 1440 1441 1442
1437 1438 1439 1440 1441 1443 1577
1438 1439 1440 1441 1442 1443 1444
1439 1440 1442 1443 1444 1445 1499
1440 1441 2641 1546
1441 1442 1443 1444 1445 1446 1447
1442 1443 1444 1445 1447 1448
1443 1444 1445 1446 1447 1448 1449
1444 1445 1446 1447 1448 1449 1450
1445 1446 1447 1448 1449 1450 1451 1695
1446 1447 1448 1449 1450 1451 1452
1447 1448 1449 1450 1451 1452 1453 2135
1448 1450 1451 1453 1454 1811 2505
1449 1450 1451 1452 1453 1454 1455
1450 1451 1452 1453 1455 1656 2486
1451 1452 1453 1454 1455 1456 1457
1452 1453 1454 1455 1456 1457 1458
1453 1456 1457 1458 1459 1697 2257
1454 1455 1456 1458 1459 2349 2711
1455 1456 1457 1458 1459 1460 1461 1908
1456 1457 1458 1460 1461 1462
1457 1458 1460 1461 1463 2371
1458 1459 1461 1462 1463 1464
1459 1460 1461 1462 1463 1464 1465 2017 2630
1460 1463 1464 1465 1466 2252 2741
1461 1462 1463 1464 1465 1466 1467
1462 1463 1464 1465 1466 1467 1468 2442
1463 1464 1465 1467 1468 1469 2636
1464 1465 1466 1467 1468 1469 1470 2567
1465 1466 1467 1468 1469 1470 1471
1466 1468 1469 1470 1471 1472
1467 1468 1469 1470 1471 1472 1473
1468 1469 1470 1471 1472 1473 1474
1469 1470 1471 1472 1473 1474 1475 2365
1470 1473 1474 1475 1476 1984 2289
1471 1472 1473 1474 1475 1476 1477 1626
1472 1473 1474 1475 1476 1477 1478
1473 1474 1475 1476 1477 1478 1479
1474 1475 1476 1478 1479 2520 1481
1475 1476 1477 1478 1479 1480 1481 1547 1613 1643
1476 1477 1478 1479 1480 1481 1482
1477 1478 1479 1480 1481 1482 1483 1668
1478 1479 1480 1481 1482 1483 1484 2300
1479 1481 1484 1485
1480 1481 1482 1483 1485 1486 2685
1481 1482 1483 1484 1485 1486 1487
1482 1483 1485 1486 1487 1488
1483 1484 1485 1486 1487 1488 1489
1484 1485 1486 1487 1488 1489 1490
1485 1486 1487 1488 1489 1491
1486 1487 1488 1489 1490 1491 1492 1606
1487 1488 1489 1491 1492 1493 1722
1488 1489 1490 1491 1492 1493 1494 2005
1489 1490 1491 1492 1493 1494 1495
1490 1491 1492 1493 1494 1496 2019
1491 1492 1493 1494 1495 1496 1497
1492 1493 1494 1495 1496 1497 1498
1493 1494 1495 1496 1498 1499 1638
1494 1495 1497 1498 1499 1500 1612 1799
1495 1496 1497 1498 1499 1501 1986
1496 1497 1498 1499 1501 1502
1497 1498 1499 1500 1502 1503
1498 1499 1500 1501 1502 1503
1499 1501 1502 1503 1504 1555
1500 1501 1502 1503 1504 1506 2448 1929
1501 1502 1503 1504 1505 1507 2084
1502 1503 1504 1505 1506 1507 1508
1503 1504 1505 1506 1507 1508 1509
1504 1505 1506 1508 1509 1510 2428
1505 1506 1507 1508 1510 1511
1506 1507 1508 1509 1510 1511 1512 2160
1507 1508 1509 1510 1511 1512 2273
1508 1509 1510 1511 1512 1513 1514
1509 1510 1511 1512 1513 1514 1515
1510 1511 1512 1513 1514 1515 1516 2037
1511 1512 1513 1515 1516 1517
1512 1513 1514 1515 1516 1517 1518
1513 1514 1515 1516 1517 1519 2262
1514 1515 1516 1517 1518 1519 1520
1515 1516 1517 1518 1519 1520 1521
1516 1517 1518 1519 1521 1522
1517 1518 1520 1521 1522 1523
1518 1519 1520 1521 1522 1523 1524
1519 1520 1521 1522 1523 1524 1525
1520 1521 1522 1523 1524 1525 1526
1521 1522 1523 1524 1525 1526 1527
1522 1523 1524 1525 1526 1527 1528 2416 2385
1523 1524 1525 1526 1527 1528 1529
1524 1525 1526 1527 1528 1530
1525 1526 1527 1528 1529 1531 2027
1526 1527 1529 1530 1531 1532 2179
1527 1528 1529 1530 1531 1532 1533 2346
1528 1529 1530 1531 1533 1534
1529 1530 1531 1532 1533 1534 1535 2312 2672
1530 1532 1533 1534 1535 1536 1658
1531 1532 1533 1534 1535 1536 1537
1532 1533 1534 1535 1536 1537 2759
1533 1535 1536 1537 1538 1539 1870
1534 1535 1536 1538 1539 1540
1535 1536 1537 1538 1539 1540 1541
1536 1537 1538 1539 1540 1541 1542
1537 1538 1539 1540 1541 1542 1543
1538 1539 1540 1541 1542 1543 1544
1539 1540 1541 1542 1543 1544 1545
1540 1541 1542 1543 1544 1545 1546
1541 1542 1543 1544 1545 1546 1547 2762
1542 1543 1544 1545 1546 1547 1548 2770
1543 1544 1545 1547 1548 1549 1810
1544 1545 1546 1547 1548 1549 1550
1545 1546 1547 1548 1549 1550 1551
1546 1547 1548 1549 1551 1552
1547 1548 1550 1551 1552 1553
1548 1549 1550 1551 1552 1553 1554
1549 1550 1552 1553 1554 1555 1707 2175
1550 1551 1552 1554 1555 1556 1908
1551 1552 1553 1554 1555 1556 1557
1552 1553 1554 1555 1556 1557 1558
1553 1554 1555 1556 1557 1558 1559
1554 1555 1556 1557 1558 1559 1560 1686
1555 1556 1557 1558 1559 1560 1561 1650
1556 1557 1559 1560 1561 1801 1738
1557 1558 1559 1560 1561 1562 1563
1558 1559 1560 1561 1562 1563 1564 2358
1559 1560 1561 1562 1563 1564 1565 1769
1560 1562 1563 1564 1565 1566 2334 1992
1561 1562 1563 1564 1565 1566 1567
1562 1563 1564 1565 1566 1567 1568
1563 1564 1565 1566 1567 1568 1569
1564 1565 1566 1567 1568 1569 1570
1565 1566 1567 1568 1569 2747
1566 1567 1568 1569 1570 1571 1572 2517
1567 1568 1569 1570 1571 1572 1573 2269
1568 1569 1570 1571 1572 1574
1569 1570 1571 1572 1573 1574 1575
1570 1571 1572 1573 1574 1575 1576 2661
1571 1573 1574 1575 1576 1577 2114
1572 1573 1574 1575 1576 1577 1578
1573 1574 1575 1576 1577 1579 1770
1574 1575 1576 1577 1579 1580 2008
1575 1576 1577 1578 1579 1580 1581
1576 1577 1578 1579 1580 1582 1743
1577 1579 1580 1582 1583
1578 1579 1580 1581 1582 1583 1584 1722
1579 1580 1581 1582 1583 1585
1580 1581 1582 1583 1584 1585 1586
1581 1582 1583 1584 1585 1586 1587
1582 1584 1585 1586 1587 1588
1583 1584 1585 1586 1587 1588 1589
1584 1585 1586 1587 1588 1589 1590 2518
1585 1586 1587 1588 1589 1590 1591 1884
1586 1587 1588 1589 1590 1591 1592
1587 1588 1589 1590 1591 1593 2651
1588 1589 1590 1591 1592 1593 1594
1589 1590 1591 1593 1594 1595
1590 1591 1592 1594 1596 2091
1591 1592 1594 1595 1596 1597
1592 1593 1594 1595 1596 2609 2212
1593 1594 1595 1596 1597 1598 1599 2383
1594 1595 1596 1597 1598 1599 1600
1595 1596 1597 1598 1599 1600 1601 2565
1596 1597 1598 1599 1600 1601 1602
1597 1600 1603 2337
1598 1599 1600 1601 1602 1604 1741
1599 1600 1601 1602 1603 1604 1605
1600 1601 1602 1603 1604 1605 1606
1601 1602 1603 1604 1605 1606 1607 2411
1602 1603 1604 1605 1606 1607 1969
1603 1604 1605 1606 1607 1609
1604 1605 1606 1607 1608 1609 1610 2015 2436 2648
1605 1606 1607 1608 1610 1611 2519
1606 1608 1610 1611 1612 2710
1607 1608 1610 1611 1612 1613 1797
1608 1609 1610 1611 1612 1613 1614 1742
1609 1610 1611 1612 1613 1614 1615
1610 1612 1613 1614 1615 1616 2425 2365
1611 1612 1613 1614 1615 1616 1617
1612 1613 1614 1615 1616 1617 1618
1613 1616 1617 1618 1619
1614 1616 1617 1618 1619 1620 1796
1615 1616 1617 1618 1619 1620 1621
1616 1617 1618 1619 1620 1621 1622
1617 1618 1619 1620 1621 1622 1623 1645
1618 1619 1620 1621 1622 1623 1624 2449
1619 1621 1622 1623 1624 1625 2053
1620 1621 1622 1623 1625 1626
1621 1622 1624 1626 1627 2672
1622 1623 1624 1625 1626 1627 1628
1623 1624 1625 1626 1627 1628 1629
1624 1625 1627 1628 1629 1630
1625 1626 1627 1628 1629 1630 1631 2459
1626 1627 1630 1631 1632 1727
1627 1628 1629 1630 1631 1632 1633
1628 1629 1631 1632 1633 1634
1629 1630 1631 1632 1633 1634 1635
1630 1631 1632 1633 1634 1635 1636 2661
1631 1632 1633 1634 1635 1636 1637 2428
1632 1634 1635 1636 1638 2662 1932
1633 1634 1635 1636 1637 1638 1639
1634 1635 1636 1637 1638 1639 1640 2399
1635 1636 1637 1638 1639 1640 1641
1636 1637 1638 1639 1640 1641 1642
1637 1638 1639 1640 1642 1643
1638 1639 1640 1641 1642 1644
1639 1640 1641 1643 1645 2186
1640 1641 1642 1643 1644 1645 1646 2329 2092
1641 1642 1643 1644 1645 1646 1647
1642 1643 1644 1645 1646 2632 1765 2451
1643 1644 1646 1647 1648 2635 1979
1644 1645 1646 1647 1648 1650 1681
1645 1647 1650 1651 2451
1646 1647 1648 1649 1650 1651 1652
1647 1648 1649 1650 1651 1652 1653
1648 1649 1650 1651 1652 1653 1654 1785
1649 1650 1651 1652 1653 1654 1655
1650 1651 1652 1653 1654 1655
1651 1652 1655 1656 1657
1652 1653 1654 1655 1656 1657 1658
1653 1654 1655 1656 1657 1658 1659
1654 1655 1656 1657 1658 1659 1660
1655 1656 1657 1658 1659 1660 1661
1656 1657 1658 1659 1660 1661 1662
1657 1658 1659 1660 1662 1663
1658 1659 1660 1661 1663 1664 2321
1659 1660 1661 1662 1663 1664 1665
1660 1661 1662 1663 1664 1665 1666
1661 1662 1663 1664 1665 1666 1667
1662 1663 1664 1666 1667 2632 1890
1663 1664 1665 1666 1667 1668 1669 2222
1664 1665 1666 1667 1668 1669 1670
1665 1666 1667 1668 1669 1670 2052
1666 1667 1668 1669 1670 1671 1672
1667 1668 1669 1671 1672 1673
1668 1669 1671 1673 1674
1669 1670 1671 1672 1673 1674 1675
1670 1671 1672 1673 1674 1675 1676
1671 1672 1673 1674 1675 1676 1677
1672 1673 1674 1675 1676 1677
1673 1674 1675 1677 1678 1679 2494
1674 1675 1676 1677 1678 1679 1680 2449
1675 1676 1678 1679 1680 1681
1676 1677 1678 1679 1680 1681 1682
1677 1678 1679 1680 1681 1682 1683
1678 1679 1680 1681 1682 1683 1684 2025
1679 1680 1681 1682 1683 1684 1685 2552
1680 1682 1683 1684 1685 1686
1681 1682 1683 1684 1685 1686 1687
1682 1683 1684 1687 1688 1781 2750 2771
1683 1684 1685 1687 1688 1689
1684 1686 1687 1688 1689 1690 2669
1685 1686 1687 1688 1689 1690 1691
1686 1687 1688 1689 1690 1691
1687 1688 1689 1691 1692 1693
1688 1689 1691 1692 2473 2433
1689 1691 1692 1693 1694 1695
1690 1691 1692 1693 1694 1696
1691 1692 1694 1695 1696 1899
1692 1693 1694 1695 1696 1697 1698
1693 1694 1695 1696 1697 1698 1699
1694 1695 1696 1697 1698 1699 1700
1695 1698 1699 1700 1701
1696 1697 1698 1699 1701 1702
1697 1699 1700 1701 1702 1703
1698 1699 1700 1702 1703 1704
1699 1700 1701 1702 1703 1704 1705
1700 1701 1702 1703 1704 1705 1706
1701 1702 1703 1704 1705 1706 1707
1702 1703 1704 1705 1707
1703 1704 1705 1706 1708 1709 1855
1704 1705 1706 1707 1708 1709 1710
1705 1706 1707 1708 1709 1710 1711
1706 1707 1708 1709 1710 1712
1707 1708 1709 1710 1711 1712 1713
1708 1709 1711 1713 1714 2286
1709 1710 1711 1712 1713 1714 1715
1710 1711 1712 1713 1714 1716
1711 1712 1713 1714 1715 1716
1712 1713 1714 1715 1716 1717 1718
1713 1714 1715 1716 1717 1718 1719
1714 1715 1716 1718 1719 1720 2484
1715 1716 1717 1718 1719 1720 1721
1716 1717 1718 1719 1720 1721
1717 1718 1719 1720 1721 1722 1723 1761
1718 1719 1720 1721 1722 1724 2539
1719 1720 1721 1722 1723 1724 1725
1720 1721 1722 1723 1724 1726 2690
1721 1722 1723 1724 1725 1727 2275
1722 1723 1724 1726 1727 1728
1723 1724 1725 1726 1727 1728
1724 1725 1726 1727 1729 1730 2474
1725 1727 1728 1729 1730 1731 2553
1726 1727 1728 1730 1732 2141
1727 1728 1729 1730 1731 1732 1733
1728 1729 1730 1731 1734 1885
1729 1730 1731 1732 1733 1734 1735
1730 1731 1733 1735 1736
1731 1733 1734 1735 1736 1737 2176
1732 1733 1734 1735 1737 1738 2156
1733 1734 1735 1736 1737 1738 1739 2071
1734 1735 1737 1738 1739 1740
1735 1736 1738 1739 1740 1741 2657 2654
1736 1737 1738 1739 1741 1742 2255
1737 1738 1739 1740 1741 1742 1743
1738 1739 1740 1741 1742 2275
1739 1740 1741 1742 1743 1744 2560 2078
1740 1741 1743 1744 1745 2706 1799
1741 1742 1743 1745 1746 1747 1950
1742 1743 1745 1748 2348
1743 1744 1745 1746 1747 1748 1749 2665
1744 1745 1746 1747 1748 1749 1750
1745 1746 1748 1749 1751
1746 1747 1748 1749 1750 1751 1752
1747 1748 1749 1750 1751 1752 1753
1748 1749 1750 1751 1753 1754
1749 1750 1751 1752 1753 1754 1755 2455
1750 1752 1753 1754 1755 1756
1751 1753 1754 1755 1756 1757
1752 1753 1754 1755 1756 1757 1758
1753 1754 1755 1757 1758 1759 2228 2703
1754 1755 1756 1757 1758 1759 1760
1755 1756 1757 1758 1759 1760 1761
1756 1757 1758 1759 1760 1761 1762
1757 1758 1759 1760 1761 1762 1763
1758 1759 1760 1761 1762 1763 1764
1759 1760 1761 1762 1763 1764 1765 2514
1760 1761 1762 1763 1764 1765 1766
1761 1762 1763 1765 1766 1767
1762 1763 1764 1765 1766 1767 1768
1763 1764 1766 1767 1768 2765
1764 1765 1766 1767 1768 1769 1770
1765 1766 1767 1768 1769 1770 1771
1766 1767 1768 1770 1771 1772 2158 2594
1767 1768 1769 1770 1771 1772 1773
1768 1769 1770 1771 1772 1773 2509
1769 1771 1774 1775 2069 2495
1770 1771 1772 1773 1774 1775 1776
1771 1772 1773 1774 1775 1776 1777
1772 1773 1774 1775 1776 1777 1778
1773 1774 1775 1776 1777 1778 1779
1774 1775 1778 1779 1780
1775 1776 1777 1778 1779 1780 1781
1776 1777 1778 1779 1780 1781 1782
1777 1778 1779 1781 1782 1783
1778 1779 1780 1781 1782 1783 1784
1779 1780 1781 1782 1783 1784 1785
1780 1781 1782 1783 1784 1785 1786 2633
1781 1782 1784 1785 1786 1787 2083
1782 1783 1784 1785 1786 1787 1991
1783 1784 1785 1786 1787 1788 1789
1784 1785 1786 1787 1788 1789 1790
1785 1786 1788 1789 1791
1786 1787 1788 1789 1790 1791 1792
1787 1788 1789 1790 1791 1792 1793
1788 1789 1790 1791 1792 1793 1794
1789 1790 1791 1792 1793 1794
1790 1791 1792 1793 1794 1795 1796
1791 1792 1793 1794 1795 1796 1797
1792 1793 1794 1796 1797 1798 2236
1793 1794 1795 1796 1797 1798 1799
1794 1795 1796 1797 1798 1799 1800
1795 1798 1799 1800 1801 2102 2086
1796 1797 1798 1799 1800 1801 1802
1797 1798 1799 1800 1801 1802 1803
1798 1799 1800 1801 1802 1803 1804
1799 1800 1801 1802 1803 1805
1800 1801 1802 1803 1804 1805 1806
1801 1802 1803 1804 1805 1806 1807 2220
1802 1804 1806 1808 2772
1803 1804 1805 1806 1808 1809 2648
1804 1805 1806 1807 1808 1809 1810 2677
1805 1806 1807 1808 1809 1810 1811
1806 1807 1808 1809 1810 1811 1812
1807 1808 1809 1810 1811 1812
1808 1809 1810 1811 1812 1813 1814 2663
1809 1810 1811 1812 1813 1814 1815
1810 1811 1812 1814 1815 1816
1811 1812 1813 1814 1815 1816 1817 1968
1812 1813 1814 1815 1818 1963
1813 1814 1815 1816 1818 1819 2724
1814 1815 1816 1817 1818 1819 1820
1815 1816 1817 1818 1819 1820 1821 2266
1816 1817 1818 1819 1820 1821 1822 2660
1817 1818 1819 1820 1821 1822 1823
1818 1819 1820 1821 1822 1823 1824
1819 1820 1821 1822 1823 1824 1825
1820 1821 1822 1823 1824 1825 1826
1821 1822 1823 1824 1825 1826 1827
1822 1823 1824 1827 1828
1823 1824 1825 1826 1827 1828
1824 1825 1826 1827 1828 1829 1830
1825 1826 1827 1828 1829 1830 1831
1826 1827 1828 1829 1830 1831 1832
1827 1828 1829 1830 1831 1832 1833
1828 1829 1830 1831 1832 1834
1829 1830 1831 1832 1834 1835 2116
1830 1832 1833 1834 1835 1836
1831 1832 1833 1834 1835 1836 1837 1966
1832 1833 1834 1835 1837 1838
1833 1834 1835 1836 1837 2605
1834 1835 1836 1837 1838 1839 1840 2033
1835 1836 1837 1838 1839 1840 1841
1836 1837 1838 1839 1840 1841 1842
1837 1838 1839 1840 1841 1842 1843
1838 1839 1841 1842 1843 1844
1839 1840 1841 1843 1844 1845 2683
1840 1841 1842 1843 1846 2268 2681
1841 1842 1843 1844 1845 1846 1847 2245
1842 1843 1844 1845 1846 1847 1848
1843 1844 1845 1846 1847 1848 1849
1844 1845 1846 1847 1848 1849
1845 1846 1847 1848 1849 1850 1851
1846 1847 1848 1849 1850 1851 1852
1847 1848 1849 1850 1851 2445
1848 1849 1850 1851 1852 1853 1854 2190
1849 1850 1851 1852 1853 1854 1855
1850 1851 1853 1855 1856
1851 1852 1853 1854 1856 1857 2502
1852 1853 1854 1855 1856 1857 1858
1853 1854 1855 1856 1857 1858 1859
1854 1855 1856 1857 1858 1859 1860
1855 1856 1857 1859 1860 1861
1856 1857 1858 1859 1860 1861 1862
1857 1858 1859 1860 1861 1862 1863
1858 1859 1860 1861 1862 1863
1859 1860 1862 1863 1864 1865
1860 1861 1862 1863 1864 1865 1866
1861 1862 1863 1864 1865 1866 1867
1862 1863 1864 1865 1867 1868 2091 2447
1863 1864 1865 1866 1867 1868 1869
1864 1865 1866 1867 1868 1869 1870
1865 1867 1868 1869 1870 1871 2282
1866 1867 1868 1869 1871 2088
1867 1868 1869 1870 1871 1872 1873 2722
1868 1869 1870 1871 1872 1874
1869 1870 1871 1872 1873 1874 1875 1907
1870 1871 1872 1873 1874 1875 1876 2010
1871 1872 1873 1874 1875 1876 1877 2119
1872 1873 1874 1875 1876 1877 1878
1873 1875 1876 1877 1878 1879
1874 1875 1876 1877 1879 1880 2109
1875 1876 1877 1878 1879 1880 1881 2572
1876 1877 1878 1879 1880 1881 1882
1877 1878 1879 1881 1883
1878 1879 1880 1881 1882 1883 1884
1879 1880 1881 1882 1883 1884 1885
1880 1881 1882 1883 1884 1885 1886
1881 1882 1884 1885 1886 1887 2226 2774
1882 1883 1884 1885 1886 1888 2634 2321 2666
1883 1885 1887 1888 1889
1884 1885 1886 1888 1889 1890
1885 1886 1887 1888 1889 1890 1891
1886 1887 1888 1889 1890 1891 1892
1887 1888 1889 1890 1891 1892 1893
1888 1889 1890 1891 1892 1893 1894
1889 1890 1891 1892 1893 1894 1895
1890 1891 1892 1893 1895 1896
1891 1892 1893 1894 1895 1896 1897
1892 1893 1894 1895 1896 1897
1893 1894 1895 1896 1897 1898 1899
1894 1895 1896 1897 1898 1899 1900
1895 1896 1897 1898 1899 1900 1901
1896 1897 1898 1899 1900 1901 1902
1897 1898 1900 1901 1902 2612
1898 1899 1900 1901 1902 1903 1904 2586
1899 1900 1901 1902 1903 1904 1905 2562
1900 1901 1902 1903 1904 1905 1906 2334
1901 1902 1903 1904 1905 1907
1902 1903 1904 1905 1906 1908
1903 1904 1905 1906 1908 1909 1974
1904 1905 1906 1907 1908 1909 1910 2533
1905 1906 1907 1908 1909 1910 1911
1906 1908 1909 1911 1912
1907 1909 1910 1911 1912 1913
1908 1910 1911 1912 1913 1914
1909 1910 1911 1912 1913 1914
1910 1911 1912 1913 1914 1915 1916
1911 1912 1913 1914 1915 1916 1917
1912 1913 1914 1916 1917 1918
1913 1915 1916 1917 1918 1919 1932
1914 1915 1916 1917 1918 1919 1920
1915 1916 1917 1918 1919 1920 1921
1916 1917 1918 1920 1921 1922
1917 1918 1919 1920 1921 1922 1923
1918 1919 1920 1921 1922 1923 1924
1919 1920 1921 1922 1923 1924 1925
1920 1921 1923 1924 1925 1926
1921 1922 1923 1924 1925 1926 1927 2645
1922 1924 1925 1926 1927 1928
1923 1924 1925 1926 1927 1928 2051
1924 1925 1926 1927 1928 1929 1930
1925 1926 1927 1928 1929 1930 1931
1926 1927 1928 1929 1930 1931 1932
1927 1928 1929 1930 1931 1932 1933
1928 1929 1931 1933 1934 2467
1929 1930 1931 1932 1933 1934 2235
1930 1931 1932 1933 1934 1935 1936 2321
1931 1932 1933 1934 1935 1936 1937
1932 1933 1934 1935 1936 1937 1938
1933 1934 1935 1936 1937 1938 1939
1934 1935 1936 1937 1938 1939 1940 2730
1935 1936 1937 1938 1939 1940 1941
1936 1937 1939 1940 1941 2493
1937 1938 1939 1940 1941 1942 2201 2748
1938 1939 1940 1941 1942 1943 1944
1939 1940 1942 1943 1944 1945
1940 1942 1943 1944 1945 1946 2376
1941 1942 1943 1944 1945 1946 1947 2268
1942 1943 1944 1945 1947 1948
1943 1944 1945 1946 1947 1948 1949
1944 1945 1947 1948 1949 1950 2757
1945 1946 1947 1948 1949 1950 1951
1946 1947 1949 1950 1951 1952
1947 1948 1949 1950 1951 1953
1948 1949 1950 1951 1952 1953 1954 2768
1949 1950 1951 1953 1954 1955
1950 1951 1952 1953 1954 1955
1951 1952 1953 1954 1955 1957
1952 1953 1954 1955 1956 1957 1958
1953 1954 1955 1956 1957 1958 1959
1954 1955 1956 1957 1958 1959 1960
1955 1956 1957 1958 1959 1960 1961
1956 1957 1958 1959 1960 1961 1962
1957 1958 1959 1960 1961 1962 1963 2494
1958 1959 1960 1961 1963 1964
1959 1960 1961 1962 1963 1964 1965
1960 1961 1962 1964 1965 1966
1961 1962 1963 1964 1965 1966 1967 2290
1962 1963 1964 1965 1966 1967 1968
1963 1964 1966 1967 1969 2607
1964 1965 1966 1967 1968 1969 1970
1965 1966 1967 1968 1969 1970 1971
1966 1969 1971 1972 1989
1967 1968 1969 1970 1972 1973
1968 1969 1970 1971 1972 1973
1969 1970 1971 1972 1973 1974 1975
1970 1971 1972 1973 1974 1975 1976
1971 1972 1973 1974 1975 1976 1977
1972 1973 1974 1975 1976 1977 1978
1973 1974 1976 1977 1979 2653
1974 1975 1976 1978 1979 1980
1975 1977 1978 1979 1980 1981
1976 1977 1978 1979 1980 1981 1982 2230
1977 1978 1979 1980 1981 1982 1983
1978 1979 1980 1981 1982 1983 1984
1979 1980 1982 1984 1985
1980 1981 1982 1983 1984 1985 1986
1981 1982 1983 1984 1985 1986 1987
1982 1983 1984 1985 1986 1988
1983 1984 1985 1986 1987 1988 1989
1984 1985 1986 1987 1988 1989 1990
1985 1986 1987 1988 1989 1990 1991
1986 1987 1988 1989 1990 1991
1987 1988 1989 1991 1992 1993
1988 1989 1990 1991 1992 1993 1994
1989 1990 1991 1992 1993 1994 1995 2733
1990 1991 1992 1993 1994 1995 1996
1991 1992 1993 1994 1995 1996 1997
1992 1995 1996 1997 1998 2355
1993 1994 1996 1997 1998 1999 2398
1994 1995 1996 1997 1999 2000
1995 1997 1998 1999 2000 2001 2591
1996 1997 1998 1999 2000 2001 2002
1997 1998 1999 2000 2001 2003
1998 1999 2000 2001 2002 2003 2004 2213
1999 2000 2001 2002 2003 2004 2005
2000 2001 2002 2003 2004 2005 2006
2001 2003 2004 2005 2006 2368
2002 2003 2005 2007 2008
2003 2004 2005 2006 2008 2009 2081 2762
2004 2005 2006 2007 2008 2009 2010
2005 2007 2008 2009 2010 2011
2006 2007 2008 2009 2010 2011 2124
2007 2008 2009 2010 2011 2012
2008 2009 2010 2011 2012
2009 2010 2011 2012 2013 2014 2015
2010 2011 2012 2013 2015 2016
2011 2012 2013 2014 2015 2016 2017
2012 2013 2014 2015 2016 2017
2013 2014 2015 2017 2018 2324 2200
2014 2015 2016 2018 2019 2020
2015 2016 2017 2019 2020 2021
2016 2017 2018 2019 2020 2021 2022 2380
2017 2018 2019 2021 2022 2023
2018 2020 2021 2022 2023 2024
2019 2020 2021 2022 2023 2024
2020 2021 2022 2023 2024 2025 2026
2021 2022 2024 2026 2027
2022 2023 2024 2025 2026 2027 2028
2023 2024 2025 2026 2027 2028 2029
2024 2025 2026 2027 2028 2029 2030
2025 2026 2027 2028 2029 2031
2026 2027 2028 2029 2030 2031 2032
2027 2028 2029 2030 2031 2033
2028 2029 2030 2031 2032 2034
2029 2030 2031 2032 2033 2034 2035
2030 2031 2032 2034 2035 2036 2632
2031 2032 2033 2034 2035 2036 2037
2032 2033 2034 2035 2036 2037 2038
2033 2034 2035 2037 2038 2039 2750
2034 2035 2037 2038 2039 2040
2035 2036 2037 2038 2041 2219 2326
2036 2037 2039 2040 2041 2042 2281
2037 2039 2040 2041 2042 2043
2038 2040 2041 2042 2043 2044
2039 2040 2042 2043 2044 2045
2040 2041 2042 2044 2045 2046
2041 2042 2044 2045 2046 2047 2659
2042 2043 2044 2045 2046 2047 2048
2043 2044 2045 2046 2047 2048 2049
2044 2045 2046 2047 2048 2049 2050
2045 2046 2047 2048 2049 2050 2051
2046 2047 2048 2049 2050 2052 2141
2047 2048 2049 2050 2051 2052 2053
2048 2049 2050 2051 2052 2053
2049 2050 2051 2052 2053 2054
2050 2051 2052 2053 2055 2056 2528
2051 2053 2056 2057 2289
2052 2053 2055 2056 2057 2058 2369
2053 2054 2055 2056 2057 2058 2059
2054 2055 2056 2057 2058 2059 2060
2055 2056 2057 2058 2059 2060 2061
2056 2057 2058 2059 2060 2061 2062
2057 2058 2059 2060 2061 2062 2063 2425 2291
2058 2059 2060 2061 2062 2064
2059 2060 2061 2062 2063 2064 2065
2060 2061 2062 2063 2064 2065 2066
2061 2062 2063 2065 2067 2601
2062 2063 2064 2065 2066 2067 2068
2063 2064 2065 2066 2067 2068 2069
2064 2065 2066 2068 2069 2070
2065 2067 2068 2069 2070 2071
2066 2067 2068 2069 2071 2072 2397
2067 2068 2069 2070 2071 2072 2073 2394
2068 2069 2070 2071 2072 2073 2074
2069 2070 2071 2072 2073 2075
2070 2071 2072 2073 2074 2075 2652
2071 2072 2074 2075 2748
2072 2073 2075 2076 2077 2078 2591
2073 2074 2075 2076 2077 2078 2079
2074 2076 2078 2079 2080
2075 2076 2077 2078 2079 2080 2081
2076 2077 2078 2079 2080 2081 2082 2252
2077 2078 2079 2080 2081 2082 2083
2078 2079 2080 2081 2082 2083 2084
2079 2080 2081 2082 2083 2084
2080 2081 2082 2083 2084 2085 2294
2081 2082 2084 2085 2086 2087
2082 2083 2084 2085 2086 2087 2088
2083 2084 2086 2087 2088 2089
2084 2085 2086 2087 2088 2089 2090
2085 2086 2087 2088 2089 2090 2091
2086 2087 2088 2090 2092
2087 2088 2089 2090 2091 2092 2093
2088 2090 2091 2092 2093 2094 2700
2089 2091 2092 2093 2094 2555
2090 2091 2092 2093 2094 2095 2096
2091 2092 2095 2096 2097
2092 2093 2094 2095 2097 2098
2093 2095 2096 2097 2098 2099
2094 2095 2096 2097 2098 2099 2100
2095 2096 2097 2098 2099 2100 2101
2096 2097 2098 2099 2100 2102
2097 2098 2099 2100 2101 2102 2103
2098 2099 2100 2101 2102 2103 2104
2099 2100 2101 2102 2103 2104
2100 2101 2102 2103 2104 2105 2106
2101 2102 2103 2104 2105 2106 2107
2102 2104 2105 2106 2107 2108
2103 2104 2105 2106 2107 2108 2109
2104 2105 2106 2107 2108 2109 2110
2105 2107 2108 2109 2110 2111
2106 2107 2108 2111 2112
2107 2109 2110 2111 2112 2263
2108 2109 2110 2111 2112 2113 2114
2109 2110 2111 2113 2115
2110 2111 2113 2114 2115 2116 2764
2111 2112 2113 2114 2115 2116 2117
2112 2113 2114 2115 2117 2118
2113 2114 2115 2116 2117 2118 2119
2114 2115 2116 2117 2118 2119 2120
2115 2116 2117 2118 2119 2120 2121
2116 2117 2118 2119 2120 2121 2122
2117 2118 2119 2121 2122 2123
2118 2119 2120 2121 2122 2123
2119 2120 2121 2122 2123 2124
2120 2121 2122 2124 2125 2126 2213
2121 2122 2124 2125 2126 2127 2152
2122 2123 2124 2125 2126 2127 2128
2123 2124 2125 2126 2127 2128 2129
2124 2125 2126 2127 2128 2129 2130 2745 2650
2125 2126 2127 2129 2130 2131 2263
2126 2127 2128 2129 2130 2131 2132
2127 2128 2129 2130 2131 2132 2133
2128 2129 2130 2131 2132 2133
2129 2130 2131 2132 2133 2134 2135
2130 2131 2132 2133 2134 2135 2136
2131 2132 2133 2134 2135 2136 2137
2132 2133 2134 2135 2136 2137 2138
2133 2134 2135 2136 2137 2138 2139 2279
2134 2135 2136 2137 2138 2139 2140
2135 2136 2137 2139 2140
2136 2137 2138 2139 2140 2141 2142
2137 2138 2139 2140 2141 2142 2143 2508
2138 2139 2140 2141 2142 2143
2139 2140 2142 2143 2144 2145
2140 2141 2142 2143 2145 2146
2141 2143 2144 2145 2146 2147
2142 2143 2144 2146 2147 2148
2143 2144 2145 2146 2147 2149
2144 2145 2146 2147 2148 2149 2150
2145 2146 2147 2148 2149 2150 2151
2146 2147 2148 2149 2150 2151 2152
2147 2149 2150 2151 2152 2153 2549
2148 2149 2150 2151 2152 2153 2154
2149 2150 2151 2152 2153 2154 2155 2203
2150 2151 2152 2154 2155 2156
2151 2152 2153 2154 2155 2156 2157
2152 2153 2154 2155 2156 2157 2158
2153 2154 2155 2156 2157 2158 2159 2491 2202
2154 2155 2156 2157 2158 2159 2160
2155 2156 2157 2158 2159 2160 2161
2156 2157 2158 2160 2161 2162
2157 2158 2160 2161 2162 2163 2338
2158 2160 2161 2163 2164
2159 2160 2161 2162 2163 2164 2165
2160 2161 2162 2163 2166
2161 2162 2163 2164 2166 2167 2537
2162 2163 2164 2165 2166 2167 2168 2491
2163 2164 2165 2166 2167 2168 2169
2164 2165 2166 2167 2168 2169 2170
2165 2166 2167 2168 2169 2170 2171
2166 2167 2168 2170 2172 2295
2167 2168 2169 2170 2171 2172 2173
2168 2170 2171 2172 2173 2174
2169 2170 2171 2172 2173 2174 2175
2170 2171 2172 2173 2174 2175 2176
2171 2172 2173 2174 2175 2176 2177
2172 2173 2174 2175 2176 2177 2178
2173 2174 2175 2176 2177 2178 2179
2174 2176 2177 2178 2179 2180
2175 2176 2177 2178 2179 2180
2176 2177 2178 2179 2180 2181 2182
2177 2178 2179 2180 2181 2182 2183
2178 2179 2180 2181 2182 2183 2184
2179 2180 2181 2182 2183 2184 2185
2180 2181 2182 2183 2184 2186
2181 2182 2183 2184 2185 2186 2187
2182 2183 2184 2185 2186 2187 2188 2505
2183 2184 2185 2186 2187 2188 2189
2184 2185 2186 2187 2188 2189 2190
2185 2186 2187 2188 2189 2190 2191
2186 2187 2188 2189 2191 2192
2187 2188 2189 2190 2191 2192 2193
2188 2189 2190 2191 2192 2193 2194 2230
2189 2190 2191 2192 2193 2194 2195
2190 2191 2192 2193 2194 2196
2191 2192 2193 2194 2195 2499
2192 2193 2195 2196 2197 2198
2193 2195 2196 2197 2198 2199 2220
2194 2195 2196 2197 2198 2199 2200
2195 2196 2197 2198 2199 2200 2201
2196 2197 2198 2199 2200 2201 2202
2197 2198 2199 2200 2201 2202 2203 2275
2198 2199 2200 2201 2202 2203 2204
2199 2200 2201 2202 2203 2204 2205
2200 2201 2202 2203 2204 2205 2206
2201 2204 2206 2552 2530
2202 2203 2204 2206 2207 2208
2203 2204 2205 2207 2208 2209
2204 2205 2206 2207 2208 2209 2210
2205 2206 2209 2210 2211 2391
2206 2207 2208 2209 2210 2211 2212
2207 2208 2209 2210 2211 2212 2213
2208 2209 2210 2211 2212 2213 2214 2675
2209 2210 2212 2213 2214 2215
2210 2211 2212 2213 2214 2215 2216 2327
2211 2212 2213 2214 2216 2217
2212 2213 2214 2215 2216 2217 2218
2213 2214 2216 2218 2219
2214 2215 2216 2218 2219 2220 2743
2215 2216 2217 2218 2219 2221
2216 2217 2219 2220 2221 2222
2217 2218 2219 2220 2221 2222 2223
2218 2219 2221 2222 2223 2224 2715
2219 2220 2221 2222 2223 2224 2225
2220 2221 2223 2224 2226
2221 2222 2223 2224 2225 2226 2227
2222 2223 2225 2226 2227 2228
2223 2224 2225 2226 2227 2228 2229
2224 2225 2226 2227 2228 2229 2230
2225 2226 2227 2228 2229 2230 2231
2226 2227 2228 2229 2230 2231 2232 2549
2227 2228 2229 2230 2231 2232 2233
2228 2229 2230 2231 2233 2234
2229 2230 2231 2232 2233 2234 2235
2230 2231 2232 2235 2236
2231 2232 2233 2235 2236 2237
2232 2233 2234 2235 2236 2237
2233 2235 2236 2237 2238 2239
2234 2235 2236 2238 2239 2240
2235 2236 2237 2238 2239 2241 2584
2236 2238 2239 2240 2242 2519
2237 2238 2239 2241 2243
2238 2239 2241 2242 2243 2244
2239 2240 2241 2242 2243 2244 2245
2240 2241 2243 2244 2245 2246
2241 2242 2243 2244 2245 2246
2242 2243 2244 2245 2246 2247 2248 2359
2243 2244 2245 2247 2248 2687
2244 2245 2246 2247 2248 2249 2250 2607
2245 2246 2247 2248 2250 2251 2666
2246 2247 2248 2249 2250 2251 2252
2247 2248 2249 2250 2251 2252 2253
2248 2249 2250 2251 2252 2253 2254
2249 2250 2251 2252 2253 2254 2255
2250 2251 2252 2253 2254 2255 2256
2251 2252 2253 2254 2255 2256 2257 2268
2252 2254 2255 2256 2257 2258
2253 2254 2256 2258 2259
2254 2255 2256 2258 2259 2260 2568
2255 2256 2257 2258 2259 2260 2261
2256 2257 2258 2259 2261 2262
2257 2258 2259 2260 2261 2262 2263
2258 2259 2260 2261 2262 2263 2264 2727
2259 2260 2261 2262 2263 2264 2265
2260 2261 2262 2263 2264 2265 2266
2261 2262 2263 2264 2265 2266 2492
2262 2263 2264 2265 2266 2267 2268
2263 2264 2266 2267 2268 2269
2264 2265 2266 2267 2268 2269 2270
2265 2266 2267 2269 2270 2271
2266 2268 2269 2270 2271 2272
2267 2268 2269 2270 2271 2272 2273
2268 2270 2271 2273 2274
2269 2270 2271 2272 2273 2274
2270 2273 2274 2275 2276
2271 2272 2273 2274 2275 2276 2277
2272 2273 2274 2275 2276 2277 2278
2273 2274 2275 2276 2277 2278 2279
2274 2275 2276 2277 2278 2279 2280
2275 2276 2278 2279 2280 2281
2276 2277 2278 2279 2280 2281 2282
2277 2278 2279 2280 2281 2282 2283
2278 2279 2280 2281 2282 2283 2284
2279 2280 2281 2283 2284 2285
2280 2282 2283 2284 2285 2286
2281 2282 2284 2285 2286
2282 2283 2284 2285 2286 2287 2288
2283 2285 2286 2287 2288 2289 2469
2284 2285 2286 2287 2288 2289 2290
2285 2286 2287 2288 2289 2290 2291
2286 2288 2289 2290 2291 2292
2287 2288 2289 2290 2291 2292 2293
2288 2289 2290 2291 2292 2293 2294
2289 2290 2291 2292 2293 2294 2295
2290 2291 2292 2293 2294 2295 2497
2291 2292 2293 2294 2295 2297
2292 2293 2294 2295 2296 2297 2298
2293 2294 2295 2296 2297 2298 2299
2294 2295 2296 2297 2298 2299 2300
2295 2297 2298 2299 2300 2301
2296 2297 2298 2299 2300 2301 2302
2297 2298 2299 2300 2301 2303
2298 2300 2301 2302 2303
2299 2300 2301 2302 2303 2304 2305
2300 2302 2303 2304 2305 2306
2301 2302 2303 2304 2305 2306 2307
2302 2303 2306 2307 2308
2303 2304 2305 2306 2307 2308 2309
2304 2305 2307 2309 2310
2305 2306 2307 2308 2309 2310 2311
2306 2307 2308 2309 2310 2311
2307 2308 2309 2310 2312 2313
2308 2310 2311 2312 2313 2314 2672
2309 2310 2311 2312 2313 2314 2315
2310 2311 2312 2313 2314 2315 2316
2311 2312 2313 2314 2315 2316 2317
2312 2313 2314 2315 2317 2318
2313 2314 2315 2316 2317 2318 2319
2314 2316 2317 2318 2319 2320
2315 2317 2318 2319 2320 2321
2316 2317 2318 2319 2320 2321 2322
2317 2318 2319 2320 2321 2322 2323
2318 2319 2320 2321 2322 2625
2319 2320 2321 2322 2323 2324 2325
2320 2321 2322 2323 2324 2325
2321 2322 2323 2324 2325 2326
2322 2323 2324 2325 2326 2327 2328
2323 2324 2325 2327 2328 2329 2393
2324 2325 2326 2328 2329 2330 2637
2325 2326 2327 2328 2329 2330 2331
2326 2327 2328 2329 2330 2331 2332
2327 2328 2329 2330 2333
2328 2330 2332 2333 2334 2740
2329 2330 2332 2333 2334 2335
2330 2331 2332 2334 2335 2336 2403
2331 2332 2333 2334 2335 2336 2337
2332 2333 2334 2335 2336 2337 2338
2333 2334 2335 2336 2337 2338 2541
2334 2335 2336 2337 2340
2335 2336 2337 2338 2339 2340 2387
2336 2337 2338 2339 2340 2341 2342
2337 2338 2339 2341 2342 2343
2338 2339 2340 2341 2342 2343
2339 2340 2341 2342 2343 2344 2345
2340 2341 2342 2343 2344 2345 2346
2341 2343 2344 2345 2346 2347
2342 2343 2344 2345 2346 2347 2348
2343 2344 2345 2346 2347 2348 2349
2344 2345 2346 2347 2348 2349 2350
2345 2346 2347 2348 2349 2350 2351
2346 2347 2348 2349 2351 2352
2347 2348 2349 2350 2351 2352 2353
2348 2349 2350 2351 2352 2354
2349 2350 2352 2353 2355
2350 2351 2352 2353 2354 2356
2351 2353 2354 2355 2356 2357
2352 2353 2354 2355 2356 2357 2358
2353 2354 2355 2356 2357 2358 2359
2354 2355 2356 2357 2358 2359 2360 2577
2355 2356 2357 2358 2359 2360
2356 2357 2358 2359 2360 2361 2362
2357 2358 2359 2360 2361 2362 2363
2358 2359 2362 2363 2364
2359 2360 2361 2362 2363 2364
2360 2361 2362 2363 2364 2365 2366
2361 2362 2363 2364 2365 2366 2544
2362 2363 2364 2365 2366 2367 2456
2363 2364 2365 2366 2367 2368 2369
2364 2365 2366 2367 2368 2369 2370
2365 2366 2367 2369 2370
2366 2367 2368 2369 2370 2371 2372
2367 2368 2369 2371 2372 2373
2368 2369 2370 2371 2372 2373 2374
2369 2370 2371 2372 2373 2374 2375
2370 2371 2372 2373 2375 2376 2496
2371 2372 2373 2374 2375 2376 2377
2372 2373 2374 2375 2377 2378
2373 2374 2375 2376 2377 2378 2379
2374 2375 2376 2377 2378 2379 2380
2375 2376 2377 2378 2379 2380 2381
2376 2377 2378 2379 2380 2381 2382
2377 2378 2379 2380 2381 2382 2383
2378 2379 2380 2381 2382 2383 2384
2379 2381 2382 2383 2384 2385
2380 2382 2383 2385 2386
2381 2382 2383 2384 2385 2386 2387
2382 2383 2384 2385 2386 2387 2388
2383 2384 2385 2386 2388 2389
2384 2385 2386 2387 2388 2389 2390
2385 2386 2387 2388 2389 2390
2386 2387 2388 2389 2390 2391 2392
2387 2388 2389 2390 2391 2392 2393
2388 2389 2390 2391 2392 2393 2394
2389 2390 2391 2392 2395
2390 2391 2392 2394 2395 2396 2558
2391 2392 2394 2395 2396 2397 2758 2633
2392 2393 2394 2395 2396 2397 2398
2393 2394 2395 2396 2397 2398 2399
2394 2395 2396 2399 2400
2395 2396 2397 2398 2400 2401 2648
2396 2397 2398 2399 2400 2401 2402
2397 2398 2399 2400 2402 2403 2432
2398 2399 2400 2401 2402 2403 2404
2399 2400 2402 2403 2404 2405
2400 2401 2402 2403 2404 2405 2406
2401 2402 2403 2404 2405 2406 2407
2402 2404 2405 2406 2407 2408
2403 2404 2405 2406 2407 2408
2404 2405 2406 2407 2408 2409 2410
2405 2406 2407 2408 2409 2410 2411 2659
2406 2407 2408 2409 2410 2411 2412
2407 2408 2409 2411 2412 2413
2408 2409 2410 2411 2412 2413
2409 2411 2412 2413 2414 2415
2410 2411 2412 2414 2415 2416
2411 2413 2414 2416 2417
2412 2413 2414 2415 2416 2417 2418
2413 2414 2415 2416 2417 2418 2419
2414 2415 2416 2417 2418 2419 2420
2415 2416 2417 2418 2419 2420 2421
2416 2419 2420 2421 2422
2417 2418 2419 2420 2421 2422 2423
2418 2419 2420 2421 2422 2423 2424 2578
2419 2420 2421 2422 2423 2424 2425
2420 2421 2422 2423 2424 2425 2426
2421 2422 2423 2424 2425 2426 2427
2422 2424 2425 2426 2427 2591
2423 2425 2426 2427 2428 2429
2424 2425 2427 2428 2429 2430
2425 2428 2429 2430 2431
2426 2427 2428 2429 2430 2431 2432
2427 2428 2429 2430 2431 2432 2433 2514
2428 2429 2430 2431 2432 2433
2429 2430 2431 2432 2433 2435
2430 2432 2433 2434 2435 2436
2431 2432 2433 2434 2435 2437 2523
2432 2433 2434 2435 2437 2438
2433 2434 2435 2436 2437 2438 2439
2434 2435 2436 2437 2438 2439 2440
2435 2436 2437 2438 2439 2440 2441
2436 2437 2438 2439 2440 2442
2437 2439 2440 2441 2442 2443
2438 2439 2440 2441 2442 2443 2444
2439 2440 2442 2443 2444 2445 2532
2440 2441 2442 2443 2445
2441 2442 2443 2444 2445 2446 2447
2442 2443 2444 2445 2448
2443 2444 2445 2446 2448 2740
2444 2445 2446 2447 2448 2449 2450
2445 2446 2448 2450 2451
2446 2447 2448 2449 2450 2451 2452
2447 2448 2449 2450 2451 2452 2453 2489
2448 2451 2452 2453 2454
2449 2450 2453 2454 2455
2450 2451 2452 2453 2454 2455
2451 2452 2453 2454 2455 2457
2452 2453 2454 2455 2458
2453 2454 2455 2456 2457 2459 2495
2454 2455 2456 2457 2458 2459 2460
2455 2456 2458 2459 2460 2461
2456 2457 2458 2459 2460 2461
2457 2458 2459 2460 2461 2462 2463
2458 2459 2460 2461 2464
2459 2461 2462 2463 2465
2460 2461 2462 2463 2464 2465 2466
2461 2463 2464 2465 2466 2467
2462 2463 2464 2465 2466 2467 2468
2463 2464 2465 2466 2467 2468 2469
2464 2465 2466 2467 2468 2469 2470
2465 2466 2467 2468 2469 2470 2471
2466 2467 2468 2469 2470 2471 2472
2467 2468 2469 2470 2471 2472
2468 2469 2470 2471 2472 2473 2474
2469 2470 2471 2472 2473 2474 2475
2470 2471 2472 2474 2475 2476 2509
2471 2473 2474 2475 2476 2477
2472 2474 2475 2476 2477 2478
2473 2474 2475 2476 2477 2478 2479
2474 2475 2476 2478 2479 2480
2475 2476 2477 2478 2479 2480 2481
2476 2477 2478 2479 2480 2481
2477 2478 2479 2480 2481 2482 2483
2478 2479 2480 2481 2483 2484 2530 2710
2479 2480 2481 2482 2483 2484 2485
2480 2481 2482 2483 2484 2485 2486
2481 2482 2484 2485 2486 2487
2482 2483 2484 2485 2486 2487 2488
2483 2484 2486 2487 2488 2489 2728 2656
2484 2485 2486 2487 2488 2489 2490
2485 2486 2487 2488 2489 2490 2491
2486 2487 2488 2489 2490 2492
2487 2488 2489 2490 2491 2492 2493
2488 2489 2490 2492 2493 2494
2489 2490 2492 2493 2494 2495
2490 2491 2492 2493 2494 2495 2496
2491 2493 2494 2496 2497
2492 2493 2494 2495 2497 2498
2493 2494 2495 2496 2497 2498 2499
2494 2496 2497 2498 2499 2500
2495 2496 2497 2499 2500 2501
2496 2497 2498 2499 2500 2501 2502 2670
2497 2499 2500 2501 2502 2503
2498 2499 2501 2502 2503 2504 2711
2499 2500 2501 2502 2503 2504 2505
2500 2501 2502 2503 2504 2505 2506
2501 2504 2505 2506 2507 2689 2639
2502 2503 2504 2505 2507 2508 2578
2503 2504 2505 2506 2507 2508 2509
2504 2506 2507 2508 2509 2510
2505 2507 2508 2509
2506 2507 2508 2509 2510 2511 2512 2761
2507 2508 2509 2510 2511 2512 2513
2508 2509 2510 2511 2512 2514 2752
2509 2510 2511 2512 2513 2514 2515
2510 2511 2512 2513 2514 2515 2516
2511 2512 2513 2514 2515 2516 2667
2512 2513 2514 2515 2516 2517 2518
2513 2514 2515 2516 2517 2518 2519
2514 2516 2520
2515 2517 2518 2519 2521
2516 2517 2518 2519 2520 2521 2522
2517 2518 2520 2521 2522 2523 2548
2518 2519 2520 2521 2522 2523
2519 2520 2521 2523 2524 2525
2520 2521 2522 2523 2524 2526
2521 2522 2523 2524 2525 2526 2527
2522 2523 2524 2525 2526 2528
2523 2524 2525 2526 2529
2524 2525 2528 2529 2664
2525 2528 2529 2530 2531
2526 2527 2528 2529 2530 2531 2532
2527 2528 2529 2530 2532 2533
2528 2529 2530 2531 2532 2533 2534
2529 2530 2531 2532 2533 2534
2530 2532 2533 2535 2536 2545
2531 2532 2533 2535 2536 2537 2677
2532 2533 2534 2535 2536 2537
2533 2536 2537 2538 2539
2534 2535 2536 2537 2538 2539 2686
2535 2536 2537 2538 2539 2540 2541
2536 2537 2538 2539 2540 2541 2542
2537 2538 2539 2540 2541 2542 2543
2538 2539 2540 2542 2543 2544 2697
2539 2540 2541 2542 2543 2544
2540 2541 2542 2543 2544 2545 2546
2541 2542 2543 2544 2546 2547
2542 2543 2544 2546 2547 2548
2543 2544 2545 2546 2547 2548 2549
2544 2545 2546 2547 2548 2549
2545 2547 2548 2549 2550 2551
2546 2547 2548 2549 2550 2551 2552
2547 2548 2549 2550 2551 2552 2553
2548 2550 2551 2553 2554
2549 2550 2551 2553 2554 2555
2550 2551 2552 2553 2554 2555 2556
2551 2552 2553 2554 2555 2556 2557
2552 2553 2554 2555 2556 2557
2553 2554 2556 2557 2558 2559
2554 2555 2556 2557 2558 2559 2560
2555 2556 2557 2558 2559 2560 2561
2556 2557 2558 2559 2560 2561 2562
2557 2558 2559 2560 2561 2562 2563
2558 2559 2560 2561 2562 2563 2564
2559 2560 2561 2562 2563 2564 2565
2560 2561 2562 2563 2565 2566
2561 2562 2563 2564 2565 2566 2567
2562 2563 2565 2566 2567 2568
2563 2564 2565 2566 2567 2568 2569
2564 2565 2566 2567 2568 2569 2570
2565 2566 2567 2568 2570 2571
2566 2567 2568 2571 2572
2567 2568 2570 2571 2572 2573
2568 2569 2570 2571 2572 2574
2569 2570 2571 2572 2573 2574 2575
2570 2571 2572 2573 2574 2575 2576
2571 2572 2573 2574 2575 2576 2577
2572 2573 2574 2576 2577 2578
2573 2574 2575 2576 2577 2578 2579
2574 2575 2576 2577 2578 2579 2580
2575 2576 2577 2578 2579 2580 2581
2576 2577 2578 2579 2580 2581 2582
2577 2578 2579 2580 2581 2582
2578 2579 2580 2582 2583 2584
2579 2580 2581 2582 2583 2584 2585
2580 2581 2582 2583 2584 2585 2586 2676
2581 2582 2583 2584 2585 2586 2587
2582 2583 2584 2585 2586 2587 2588
2583 2584 2585 2586 2587 2588 2589
2584 2585 2586 2587 2588 2589 2590
2585 2586 2587 2588 2589 2590 2591
2586 2587 2589 2590 2591 2592
2587 2588 2589 2590 2591 2592 2593
2588 2589 2590 2591 2594
2589 2590 2591 2592 2593 2594
2590 2591 2592 2593 2594 2595 2596
2591 2592 2593 2594 2597
2592 2593 2594 2595 2596 2597 2598
2593 2594 2595 2596 2597 2598 2599
2594 2596 2597 2599 2600
2595 2596 2597 2598 2599 2600 2601
2596 2597 2598 2599 2600 2601 2602
2597 2598 2599 2601 2602 2603
2598 2599 2600 2601 2603 2604
2599 2600 2601 2602 2604 2605
2600 2601 2602 2603 2604 2605 2606
2601 2602 2603 2604 2605 2606 2607
2602 2603 2604 2605 2606 2607 2608
2603 2604 2605 2606 2607 2608 2609
2604 2605 2606 2608 2609 2610
2605 2606 2607 2608 2609 2610 2611
2606 2607 2608 2609 2610 2611 2612
2607 2610 2611 2612 2613
2608 2609 2610 2611 2612 2614
2609 2612 2613 2614 2615
2610 2611 2612 2613 2614 2615 2616
2611 2612 2613 2614 2615 2616 2617
2612 2613 2614 2616 2617 2618
2613 2615 2616 2617 2618 2619
2614 2615 2616 2617 2618 2619 2620
2615 2616 2617 2618 2619 2620 2621
2616 2617 2618 2619 2621 2622
2617 2620 2621 2622 2623 2618
2618 2619 2621 2622 2623 2624
2619 2620 2621 2622 2623 2624 2625
2620 2621 2622 2623 2624 2625 2626
2621 2622 2623 2624 2625 2627 2637
2622 2623 2624 2625 2626 2627 2628
2623 2625 2626 2627 2628 2629
2624 2625 2626 2627 2628 2629 2630
2625 2626 2627 2629 2630 2631
2626 2627 2628 2629 2630 2631
2627 2628 2629 2630 2631 2632 2633
2628 2629 2630 2631 2632 2633 2634
2629 2630 2632 2633 2634 2635 2714
2630 2631 2632 2634 2635 2636
2631 2632 2633 2634 2635 2636 2637
2632 2634 2635 2636 2637 2638
2633 2635 2636 2637 2639
2634 2635 2636 2637 2639 2640
2635 2636 2637 2638 2639 2640 2641
2636 2637 2638 2639 2640 2641 2642
2637 2638 2639 2640 2641 2642
2638 2639 2640 2641 2642 2643 2644
2639 2640 2641 2642 2643 2644 2645
2640 2641 2642 2643 2644 2645 2646
2641 2642 2643 2644 2645 2646 2647
2642 2643 2644 2645 2646 2647 2648
2643 2644 2645 2646 2647 2648 2649
2644 2645 2646 2647 2648 2649 2650
2645 2647 2648 2649 2650 2651
2646 2647 2648 2649 2650 2651 2652
2647 2648 2649 2650 2651 2652 2653
2648 2649 2650 2652 2654
2649 2650 2652 2653 2654
2650 2651 2652 2653 2654 2655
2651 2652 2653 2654 2655 2656 2657
2652 2653 2654 2655 2656 2657 2658
2653 2654 2655 2656 2657 2658 2659
2654 2655 2656 2657 2659 2660
2655 2656 2657 2658 2659 2660 2661
2656 2657 2658 2661 2662
2657 2658 2659 2660 2661 2662 2663
2658 2659 2660 2661 2662 2663 2664
2659 2660 2662 2663 2664 2665
2660 2662 2663 2664 2665 2666
2661 2662 2663 2666 2667
2662 2663 2664 2666 2667 2668
2663 2664 2666 2667 2668 2669
2664 2665 2666 2667 2668 2669 2670
2665 2666 2667 2668 2669 2671
2666 2668 2669 2670 2672
2667 2668 2669 2670 2671 2672 2673 2741
2668 2669 2670 2671 2672 2674
2669 2670 2671 2672 2673 2674 2675
2670 2672 2673 2674 2675 2676
2671 2672 2673 2674 2675 2676 2677
2672 2673 2674 2675 2677 2678
2673 2674 2676 2677 2678 2679
2674 2675 2676 2677 2678 2680
2675 2677 2678 2679 2680 2681
2676 2677 2678 2679 2680 2681 2775
2677 2678 2680 2681 2682 2683
2678 2680 2681 2682 2683 2684
2679 2680 2681 2682 2683 2684 2685
2680 2681 2682 2683 2684 2685 2686
2681 2682 2683 2684 2685 2686 2687
2682 2683 2684 2685 2686 2687 2688
2683 2684 2685 2686 2687 2688 2689
2684 2685 2686 2687 2688 2689 2690
2685 2686 2687 2688 2689 2690 2691
2686 2687 2688 2689 2690 2691 2692
2687 2688 2689 2690 2691 2692 2693
2688 2690 2691 2692 2693
2689 2690 2691 2692 2693 2694 2695
2690 2691 2692 2694 2695 2696
2691 2692 2693 2694 2695 2697
2692 2693 2694 2695 2696 2697 2698
2693 2694 2695 2696 2697 2698 2699
2694 2695 2696 2697 2698 2699 2700
2695 2696 2697 2698 2700 2701
2696 2697 2698 2699 2700 2701 2702
2697 2698 2699 2700 2701 2702 2703
2698 2699 2700 2701 2702 2703 2704
2699 2700 2701 2702 2703 2704 2705
2700 2701 2702 2703 2704 2705 2706
2701 2702 2703 2704 2705 2706 2707
2702 2703 2704 2705 2706 2708
2703 2704 2705 2706 2708 2709
2704 2705 2706 2707 2708 2709 2710
2705 2706 2707 2708 2709 2711
2706 2707 2708 2709 2710 2711
2707 2708 2709 2710 2711 2712 2713
2708 2710 2711 2712 2713 2714
2709 2711 2712 2713 2714 2715
2710 2711 2712 2714 2716
2711 2712 2714 2715 2716 2717
2712 2713 2714 2715 2716 2717 2718
2713 2714 2715 2716 2717 2718 2719
2714 2715 2716 2717 2718 2719 2720
2715 2717 2718 2719 2720 2721
2716 2717 2718 2719 2720 2721 2722
2717 2718 2719 2720 2721 2722 2723
2718 2719 2720 2721 2722 2723 2724
2719 2720 2721 2722 2723 2724 2725
2720 2721 2722 2723 2724 2725 2726
2721 2722 2723 2724 2725 2726 2727
2722 2723 2725 2726 2727 2728
2723 2724 2725 2726 2727 2728 2729
2724 2725 2726 2727 2728 2729 2730
2725 2726 2727 2728 2729 2730 2731
2726 2728 2729 2730 2731 2732
2727 2728 2729 2730 2731
2728 2730 2732 2733 2734
2729 2730 2731 2732 2733 2734 2735
2730 2734 2735
2731 2732 2733 2734 2735 2736 2737
2732 2733 2734 2735 2736 2737 2738
2733 2734 2736 2737 2738 2739
2734 2735 2736 2737 2738 2739 2740
2735 2736 2737 2738 2739 2740 2741
2736 2737 2738 2739 2740 2741
2737 2739 2740 2741 2742 2743
2738 2739 2740 2741 2742 2743 2744
2739 2740 2741 2742 2743 2744 2745
2740 2741 2742 2743 2744 2746
2741 2742 2743 2745 2747
2742 2743 2744 2745 2746 2748
2743 2744 2745 2746 2747 2748 2749
2744 2745 2747 2748 2749 2750
2745 2746 2747 2749 2750 2751
2746 2747 2748 2749 2750 2751 2752
2747 2748 2749 2750 2751 2753
2748 2749 2751 2752 2753 2754
2749 2750 2751 2752 2753 2754 2755
2750 2751 2752 2753 2755
2751 2752 2754 2755 2756 2757
2752 2753 2755 2756 2757 2758
2753 2754 2755 2756 2757 2758 2759
2754 2755 2756 2757 2758 2759 2760
2755 2756 2757 2758 2759 2760 2761
2756 2757 2758 2759 2761 2762
2757 2758 2760 2761 2762 2763
2758 2759 2761 2762 2763 2764
2759 2760 2761 2762 2763 2765
2760 2761 2762 2763 2764 2765 2766
2761 2762 2763 2764 2765 2767
2762 2763 2764 2765 2767 2768
2763 2764 2765 2766 2767 2768 2769
2764 2765 2766 2767 2768 2769 2770
2765 2766 2767 2768 2769 2771
2766 2767 2768 2769 2770 2771 2772
2767 2769 2770 2771 2772 2773
2768 2769 2771 2772 2773
2769 2770 2771 2772 2773 2774 2775
2770 2771 2772 2773 2775 2776
2771 2772 2773 2774 2775 2776
2772 2773 2774 2775 2776
2773 2776
2774 2775 2776
2775 2776
2776
